1 4 1
18 0 1
18 20 1
2 3 1
2 10 1
3 3 1
3 10 1
4 12 1
5 7 1
6 15 1
6 16 1
6 11 1
6 8 1
7 13 1
7 9 1
14 0 1
14 20 1
17 19 1
19 19 1
1 0 2
0 5 2
4 6 2
2 3 2
3 3 2
6 7 2
5 5 3
5 14 3
5 0 3
1 3 3
1 4 3
2 19 3
3 20 3
3 21 3
3 6 3
3 16 3
3 27 3
3 28 3
3 10 3
6 4 3
7 32 3
8 13 3
9 34 3
9 35 3
10 4 3
22 22 3
22 43 3
12 23 3
13 38 3
13 18 3
13 39 3
15 29 3
15 15 3
16 4 3
17 25 3
19 19 3
20 4 3
21 4 3
11 36 3
23 30 3
24 36 3
25 25 3
26 41 3
27 4 3
28 4 3
31 31 3
31 37 3
32 32 3
33 40 3
34 42 3
35 42 3
40 40 3
0 31 4
0 5 4
1 18 4
2 23 4
3 31 4
3 5 4
5 11 4
5 34 4
5 35 4
5 15 4
5 17 4
5 24 4
5 9 4
5 25 4
5 13 4
5 32 4
6 16 4
7 21 4
7 22 4
8 33 4
8 37 4
9 31 4
10 19 4
10 10 4
11 31 4
12 20 4
26 14 4
4 16 4
15 31 4
17 31 4
14 28 4
18 38 4
20 27 4
21 39 4
30 29 4
22 39 4
23 36 4
24 31 4
25 31 4
13 31 4
29 29 4
31 34 4
31 35 4
31 32 4
0 6 5
0 1 5
1 5 5
2 2 5
2 4 5
3 9 5
3 3 5
5 6 5
7 10 5
8 12 5
12 12 5
11 10 5
0 4 6
1 1 6
1 7 6
2 13 6
3 6 6
3 5 6
4 4 6
5 15 6
5 10 6
5 11 6
5 8 6
14 12 6
14 9 6
8 6 6
9 12 6
10 6 6
11 6 6
12 12 6
13 13 6
6 15 6
0 2 7
1 5 7
1 1 7
1 9 7
3 2 7
4 2 7
6 2 7
7 8 7
7 12 7
8 8 7
8 12 7
10 11 7
10 10 7
0 2 8
1 2 8
3 5 8
4 5 8
6 6 8
6 7 8
0 2 9
0 11 9
1 1 9
1 7 9
2 4 9
2 5 9
2 9 9
2 13 9
2 14 9
10 3 9
3 3 9
4 11 9
5 11 9
6 8 9
6 12 9
13 11 9
9 11 9
11 14 9
0 8 10
1 2 10
2 4 10
7 3 10
7 6 10
3 5 10
5 6 10
0 2 11
1 2 11
2 7 11
2 5 11
3 8 11
3 9 11
4 6 11
6 6 11
0 2 12
0 1 12
3 7 12
4 6 12
5 8 12
5 5 12
0 3 13
0 19 13
1 3 13
1 19 13
23 44 13
3 2 13
3 24 13
3 32 13
3 9 13
3 35 13
3 12 13
3 10 13
3 18 13
3 27 13
3 16 13
3 6 13
3 41 13
3 20 13
3 7 13
3 5 13
3 30 13
4 45 13
5 19 13
6 19 13
7 19 13
8 21 13
8 34 13
9 19 13
10 19 13
11 44 13
12 19 13
13 37 13
14 36 13
14 33 13
14 15 13
14 22 13
15 39 13
16 19 13
17 31 13
18 19 13
19 2 13
19 24 13
19 32 13
19 35 13
19 27 13
19 41 13
19 20 13
19 30 13
22 39 13
25 26 13
25 43 13
28 45 13
29 38 13
33 39 13
36 39 13
37 40 13
38 42 13
45 45 13
956 1272 14
956 1081 14
1 1293 14
1 625 14
639 965 14
3 865 14
6 999 14
7 1085 14
7 61 14
8 877 14
8 205 14
1045 569 14
1045 64 14
10 524 14
10 138 14
10 1046 14
10 109 14
10 257 14
10 499 14
10 629 14
10 27 14
10 1230 14
10 9 14
10 353 14
10 495 14
10 207 14
10 727 14
10 767 14
10 799 14
10 332 14
429 190 14
429 459 14
12 857 14
1181 999 14
1181 965 14
1181 776 14
13 776 14
1096 965 14
15 316 14
15 1194 14
15 625 14
15 1259 14
15 741 14
15 776 14
15 884 14
15 645 14
15 765 14
15 421 14
15 102 14
15 515 14
16 442 14
16 714 14
16 380 14
16 122 14
16 472 14
16 841 14
17 82 14
17 1073 14
17 841 14
17 569 14
17 902 14
17 1081 14
17 581 14
17 1098 14
17 1272 14
17 64 14
17 519 14
17 379 14
17 229 14
17 616 14
17 1299 14
17 714 14
17 847 14
17 1063 14
17 469 14
17 879 14
17 329 14
17 76 14
18 978 14
18 405 14
18 189 14
18 1171 14
18 233 14
18 571 14
18 903 14
18 654 14
18 498 14
18 660 14
18 1237 14
18 915 14
18 174 14
18 586 14
18 922 14
18 1271 14
18 244 14
18 930 14
18 214 14
18 1025 14
18 372 14
18 125 14
18 985 14
18 856 14
18 698 14
18 701 14
18 226 14
18 422 14
18 59 14
18 789 14
18 149 14
18 152 14
18 960 14
18 213 14
18 721 14
18 249 14
18 973 14
18 1021 14
19 293 14
1010 749 14
1010 65 14
1010 1309 14
1010 814 14
1010 879 14
1010 142 14
1010 1061 14
1010 308 14
1010 194 14
1010 180 14
1010 605 14
1010 379 14
1010 450 14
1010 123 14
1010 185 14
1010 851 14
1010 999 14
1010 910 14
21 524 14
21 138 14
21 1046 14
21 109 14
21 257 14
21 499 14
21 629 14
21 27 14
21 1230 14
21 9 14
21 353 14
21 495 14
21 207 14
21 727 14
21 767 14
21 799 14
21 332 14
22 549 14
22 674 14
23 316 14
23 625 14
23 714 14
23 879 14
23 569 14
23 1272 14
23 159 14
23 308 14
23 379 14
23 645 14
23 695 14
23 1081 14
23 841 14
23 64 14
23 185 14
868 1309 14
868 999 14
868 1223 14
868 380 14
26 45 14
27 254 14
27 257 14
27 1230 14
27 1158 14
27 495 14
27 499 14
27 138 14
27 109 14
27 27 14
27 1099 14
27 207 14
27 208 14
27 767 14
27 483 14
27 353 14
27 524 14
27 860 14
27 1046 14
27 318 14
27 629 14
27 9 14
27 842 14
27 727 14
27 1313 14
27 799 14
27 332 14
28 884 14
29 784 14
29 202 14
29 625 14
30 316 14
30 645 14
32 97 14
33 97 14
33 884 14
34 695 14
34 119 14
432 97 14
432 181 14
36 316 14
36 589 14
36 204 14
36 645 14
37 316 14
37 589 14
37 204 14
37 248 14
37 645 14
37 317 14
1257 823 14
39 877 14
39 303 14
39 231 14
39 205 14
40 700 14
40 1075 14
40 45 14
40 857 14
40 142 14
40 1309 14
40 999 14
40 1273 14
40 616 14
41 1293 14
41 206 14
42 1022 14
42 1293 14
42 420 14
42 625 14
42 341 14
42 567 14
42 965 14
42 902 14
42 605 14
42 380 14
42 123 14
43 770 14
43 43 14
43 711 14
45 1023 14
45 521 14
45 875 14
45 650 14
45 903 14
45 504 14
45 456 14
45 915 14
45 11 14
45 1183 14
45 327 14
45 1025 14
45 1285 14
45 856 14
45 778 14
45 533 14
45 59 14
45 388 14
45 622 14
45 1216 14
45 550 14
45 571 14
45 592 14
46 749 14
46 700 14
46 797 14
46 821 14
46 206 14
46 188 14
46 910 14
1239 181 14
1239 966 14
47 1110 14
47 65 14
47 1309 14
47 1263 14
47 142 14
47 194 14
47 52 14
47 605 14
47 450 14
47 123 14
47 999 14
47 851 14
48 97 14
48 884 14
49 519 14
49 847 14
49 1019 14
49 1235 14
49 469 14
49 329 14
50 420 14
50 965 14
51 749 14
51 1293 14
51 442 14
51 625 14
51 1309 14
51 380 14
51 142 14
51 821 14
51 328 14
51 206 14
51 844 14
51 293 14
52 1147 14
52 793 14
52 336 14
52 562 14
52 521 14
52 1078 14
52 531 14
52 228 14
52 177 14
52 93 14
52 72 14
52 249 14
52 256 14
52 654 14
52 498 14
52 187 14
52 38 14
52 722 14
52 830 14
52 1237 14
52 1155 14
52 456 14
52 507 14
52 107 14
52 114 14
52 199 14
52 24 14
52 333 14
52 1102 14
52 377 14
52 668 14
52 597 14
52 217 14
52 283 14
52 762 14
52 125 14
52 691 14
52 192 14
52 1287 14
52 244 14
52 611 14
52 701 14
52 1292 14
52 422 14
52 828 14
52 307 14
52 460 14
52 388 14
52 500 14
52 1137 14
52 213 14
52 800 14
52 1161 14
52 610 14
52 198 14
52 726 14
52 763 14
52 321 14
648 206 14
648 14 14
54 1022 14
54 1293 14
55 97 14
55 181 14
56 442 14
56 341 14
56 14 14
56 293 14
56 206 14
56 784 14
57 749 14
57 1022 14
57 293 14
58 184 14
58 205 14
58 320 14
58 877 14
58 735 14
58 879 14
58 509 14
58 1081 14
58 379 14
58 329 14
58 1272 14
58 102 14
58 623 14
59 1027 14
59 1273 14
59 700 14
59 1075 14
59 1309 14
59 814 14
59 857 14
59 902 14
59 820 14
59 202 14
59 967 14
59 308 14
59 180 14
59 999 14
59 458 14
59 185 14
60 884 14
61 116 14
61 256 14
61 337 14
61 1248 14
61 53 14
61 491 14
61 565 14
61 100 14
61 1172 14
61 312 14
61 1058 14
61 198 14
61 1192 14
61 986 14
61 1191 14
61 677 14
61 548 14
61 682 14
61 438 14
61 1109 14
61 1281 14
61 1254 14
61 694 14
61 1201 14
61 513 14
61 781 14
61 808 14
61 1292 14
61 614 14
61 385 14
61 449 14
61 452 14
61 467 14
61 68 14
61 1049 14
61 238 14
61 887 14
61 552 14
61 761 14
61 480 14
61 795 14
63 1244 14
63 445 14
65 1147 14
65 189 14
65 983 14
65 411 14
65 262 14
65 547 14
65 93 14
65 72 14
65 498 14
65 722 14
65 1301 14
65 507 14
65 582 14
65 508 14
65 610 14
65 1180 14
65 1307 14
65 766 14
65 930 14
65 522 14
65 372 14
65 302 14
65 1295 14
65 1155 14
65 786 14
65 692 14
65 149 14
65 702 14
65 117 14
65 393 14
65 892 14
65 1133 14
65 243 14
65 801 14
65 802 14
65 960 14
65 209 14
65 167 14
66 82 14
66 247 14
66 1098 14
66 1207 14
67 97 14
69 293 14
69 784 14
69 341 14
69 202 14
69 206 14
70 865 14
70 14 14
71 86 14
71 414 14
650 128 14
650 445 14
650 700 14
650 1244 14
650 247 14
650 600 14
650 814 14
650 857 14
650 901 14
650 468 14
650 902 14
650 1308 14
650 180 14
650 854 14
650 1207 14
650 203 14
73 519 14
73 847 14
73 184 14
73 623 14
73 1027 14
73 735 14
73 879 14
73 1081 14
73 379 14
73 329 14
73 1272 14
73 458 14
74 1027 14
74 851 14
74 341 14
74 814 14
74 1081 14
74 1272 14
74 450 14
74 180 14
74 458 14
75 643 14
76 1023 14
76 169 14
76 660 14
76 336 14
76 38 14
76 642 14
76 24 14
76 484 14
76 606 14
76 233 14
76 547 14
76 1170 14
76 744 14
76 783 14
76 562 14
76 401 14
76 382 14
76 951 14
76 534 14
77 1038 14
92 643 14
78 102 14
79 1022 14
79 420 14
79 625 14
79 380 14
79 797 14
79 965 14
79 821 14
79 725 14
79 206 14
79 884 14
79 188 14
81 776 14
82 1023 14
82 560 14
82 38 14
82 531 14
82 233 14
82 631 14
82 590 14
82 1089 14
82 462 14
82 456 14
82 426 14
82 493 14
82 669 14
82 918 14
82 840 14
82 668 14
82 683 14
82 773 14
82 687 14
82 24 14
82 444 14
82 1287 14
82 1032 14
82 448 14
82 163 14
82 1116 14
82 660 14
82 532 14
82 382 14
82 319 14
82 961 14
82 1054 14
82 719 14
82 1219 14
82 793 14
82 299 14
82 478 14
82 612 14
82 401 14
82 330 14
82 321 14
82 387 14
83 190 14
83 1312 14
84 97 14
84 184 14
84 581 14
84 1009 14
84 380 14
84 879 14
84 569 14
84 902 14
84 1081 14
84 379 14
84 329 14
84 884 14
84 1272 14
84 64 14
84 616 14
84 1070 14
878 97 14
878 316 14
878 231 14
878 714 14
878 549 14
878 303 14
878 741 14
878 674 14
878 841 14
878 884 14
878 645 14
878 910 14
878 515 14
86 753 14
86 408 14
86 173 14
86 1248 14
86 412 14
86 1039 14
86 355 14
86 875 14
86 758 14
86 182 14
86 98 14
86 99 14
86 656 14
86 1084 14
86 203 14
86 747 14
86 256 14
86 829 14
86 1256 14
86 186 14
86 506 14
86 195 14
86 334 14
86 1013 14
86 198 14
86 1192 14
86 391 14
86 512 14
86 843 14
86 1275 14
86 147 14
86 295 14
86 931 14
86 298 14
86 1254 14
86 443 14
86 525 14
86 175 14
86 742 14
86 777 14
86 615 14
86 540 14
86 637 14
86 151 14
86 923 14
86 1049 14
86 887 14
86 1306 14
86 1218 14
86 91 14
86 325 14
86 160 14
86 1138 14
86 557 14
86 136 14
86 480 14
86 794 14
86 1033 14
1109 317 14
1109 1194 14
1109 248 14
1109 1259 14
1109 765 14
1109 421 14
1109 1085 14
88 967 14
88 616 14
90 999 14
879 1023 14
879 346 14
879 38 14
879 983 14
879 642 14
879 455 14
879 1210 14
879 233 14
879 875 14
879 822 14
879 1161 14
879 584 14
879 348 14
879 98 14
879 744 14
879 163 14
879 590 14
879 562 14
879 504 14
879 462 14
879 579 14
879 44 14
879 443 14
879 756 14
879 11 14
879 360 14
879 937 14
879 1170 14
879 1101 14
879 840 14
879 362 14
879 475 14
879 679 14
879 668 14
879 517 14
879 769 14
879 297 14
879 773 14
879 687 14
879 583 14
879 24 14
879 134 14
879 444 14
879 527 14
879 532 14
879 448 14
879 726 14
879 1116 14
879 261 14
879 387 14
879 864 14
879 866 14
879 187 14
879 382 14
879 144 14
879 1068 14
879 739 14
879 873 14
879 1066 14
879 319 14
879 713 14
879 1050 14
879 456 14
879 1069 14
879 1054 14
879 250 14
879 1056 14
879 110 14
879 481 14
879 1139 14
879 299 14
879 478 14
879 635 14
879 401 14
879 806 14
879 321 14
879 1144 14
879 1140 14
547 749 14
547 128 14
547 623 14
547 605 14
547 714 14
547 469 14
547 735 14
547 797 14
547 567 14
547 776 14
547 857 14
547 841 14
547 468 14
547 902 14
547 1061 14
547 329 14
547 188 14
547 1299 14
93 1110 14
93 442 14
93 625 14
93 1309 14
93 472 14
93 605 14
93 308 14
93 967 14
93 202 14
93 1061 14
93 123 14
93 999 14
93 185 14
93 910 14
156 97 14
156 884 14
156 616 14
95 469 14
95 341 14
95 293 14
95 329 14
486 285 14
98 1081 14
98 948 14
98 379 14
98 1272 14
98 102 14
1112 1235 14
1112 1019 14
1112 293 14
100 1085 14
101 784 14
101 206 14
101 202 14
101 293 14
101 14 14
102 1232 14
102 322 14
102 265 14
102 340 14
102 296 14
102 964 14
102 740 14
102 72 14
102 573 14
102 155 14
102 1249 14
102 655 14
102 351 14
102 575 14
102 976 14
102 266 14
102 1090 14
102 968 14
102 274 14
102 538 14
102 357 14
102 756 14
102 80 14
102 758 14
102 753 14
102 1179 14
102 716 14
102 286 14
102 690 14
102 1080 14
102 485 14
102 365 14
102 548 14
102 1106 14
102 928 14
102 845 14
102 306 14
102 520 14
102 940 14
102 685 14
102 1255 14
102 132 14
102 938 14
102 437 14
102 31 14
102 375 14
102 315 14
102 118 14
102 512 14
102 949 14
102 1154 14
102 613 14
102 540 14
102 1211 14
102 389 14
102 875 14
102 1049 14
102 238 14
102 887 14
102 352 14
102 717 14
102 264 14
102 277 14
102 1024 14
102 835 14
102 883 14
102 556 14
102 1050 14
102 394 14
102 1086 14
102 699 14
103 190 14
103 519 14
103 847 14
103 1312 14
103 184 14
103 316 14
103 714 14
103 549 14
103 329 14
103 420 14
103 776 14
103 569 14
103 821 14
103 841 14
103 674 14
103 965 14
103 206 14
103 884 14
103 645 14
103 64 14
104 999 14
105 865 14
872 712 14
971 784 14
108 1088 14
108 445 14
108 814 14
108 1244 14
108 180 14
108 1126 14
109 254 14
109 860 14
109 318 14
109 1158 14
109 1099 14
109 483 14
109 842 14
109 208 14
109 1313 14
110 97 14
110 519 14
110 847 14
110 1019 14
110 379 14
110 1235 14
110 1063 14
110 469 14
110 190 14
110 841 14
110 1081 14
110 1314 14
110 714 14
110 329 14
110 884 14
110 1272 14
110 1009 14
110 229 14
110 616 14
110 1070 14
1243 765 14
1243 1194 14
112 749 14
112 1194 14
112 814 14
112 605 14
112 725 14
112 180 14
112 1061 14
112 206 14
112 123 14
112 765 14
112 910 14
113 204 14
114 316 14
114 1110 14
114 64 14
114 497 14
114 231 14
114 1075 14
114 581 14
114 714 14
114 303 14
114 569 14
114 1103 14
114 902 14
114 1308 14
114 841 14
114 645 14
114 1273 14
114 901 14
115 14 14
119 676 14
120 902 14
120 567 14
121 497 14
121 741 14
121 569 14
121 1103 14
121 64 14
121 515 14
122 983 14
122 896 14
122 644 14
122 521 14
122 817 14
122 827 14
122 343 14
122 263 14
122 492 14
122 141 14
122 1151 14
122 839 14
122 1198 14
122 924 14
122 363 14
122 661 14
122 1278 14
122 771 14
122 370 14
122 774 14
122 526 14
122 691 14
122 529 14
122 1032 14
122 607 14
122 192 14
122 780 14
122 619 14
122 149 14
122 546 14
122 476 14
122 610 14
122 482 14
122 1067 14
122 251 14
123 1147 14
123 38 14
123 476 14
123 1018 14
123 488 14
123 1171 14
123 1029 14
123 490 14
123 228 14
123 72 14
123 996 14
123 597 14
123 498 14
123 418 14
123 187 14
123 562 14
123 273 14
123 722 14
123 456 14
123 507 14
123 582 14
123 585 14
123 1028 14
123 673 14
123 760 14
123 1017 14
123 289 14
123 668 14
123 518 14
123 731 14
123 304 14
123 368 14
123 1254 14
123 24 14
123 292 14
123 941 14
123 136 14
123 1310 14
123 535 14
123 611 14
123 1155 14
123 828 14
123 25 14
123 314 14
123 702 14
123 235 14
123 545 14
123 793 14
123 393 14
123 900 14
123 880 14
123 1161 14
123 1287 14
123 1252 14
123 726 14
123 321 14
124 857 14
444 519 14
444 643 14
444 841 14
444 569 14
444 902 14
444 1081 14
444 714 14
444 999 14
444 190 14
444 581 14
444 1098 14
444 1272 14
444 64 14
444 1235 14
444 776 14
444 379 14
444 645 14
444 229 14
444 616 14
444 316 14
444 847 14
444 1019 14
444 1063 14
444 469 14
444 329 14
444 1314 14
126 97 14
126 181 14
127 293 14
128 978 14
128 338 14
128 169 14
128 1023 14
128 1018 14
128 1137 14
128 584 14
128 744 14
128 590 14
128 1134 14
128 579 14
128 278 14
128 666 14
128 11 14
128 333 14
128 214 14
128 933 14
128 913 14
128 523 14
128 374 14
128 856 14
128 533 14
128 537 14
128 1116 14
128 149 14
128 319 14
128 237 14
128 476 14
128 900 14
128 750 14
128 713 14
128 327 14
128 970 14
128 426 14
128 401 14
128 481 14
128 1214 14
128 330 14
924 749 14
924 442 14
924 206 14
924 293 14
924 380 14
924 952 14
130 202 14
130 206 14
132 643 14
132 616 14
132 776 14
133 1027 14
133 458 14
134 97 14
134 519 14
134 847 14
134 1019 14
134 1235 14
134 581 14
134 1063 14
134 469 14
134 902 14
134 841 14
134 884 14
134 159 14
134 1081 14
134 714 14
134 379 14
134 329 14
134 695 14
134 1272 14
134 229 14
134 616 14
705 248 14
705 317 14
212 316 14
212 645 14
884 1306 14
884 566 14
884 690 14
884 410 14
884 1241 14
884 568 14
884 1210 14
884 416 14
884 638 14
884 573 14
884 917 14
884 1000 14
884 577 14
884 462 14
884 278 14
884 986 14
884 460 14
884 360 14
884 587 14
884 1184 14
884 1101 14
884 979 14
884 244 14
884 1106 14
884 769 14
884 438 14
884 297 14
884 441 14
884 423 14
884 24 14
884 527 14
884 1284 14
884 873 14
884 606 14
884 1202 14
884 946 14
884 455 14
884 613 14
884 1143 14
884 44 14
884 230 14
884 540 14
884 631 14
884 526 14
884 1214 14
884 1303 14
884 394 14
884 1268 14
884 1220 14
884 1144 14
884 277 14
884 757 14
884 475 14
884 1050 14
884 635 14
884 806 14
884 961 14
137 1235 14
137 1019 14
660 700 14
660 1075 14
660 1309 14
660 857 14
660 820 14
660 1244 14
660 180 14
660 404 14
660 999 14
660 203 14
660 814 14
660 1098 14
660 1273 14
660 445 14
660 528 14
660 776 14
660 1299 14
660 965 14
660 967 14
139 865 14
140 749 14
140 194 14
140 625 14
140 1309 14
140 605 14
140 380 14
140 142 14
140 821 14
140 1061 14
140 206 14
140 910 14
141 519 14
141 847 14
141 1293 14
141 472 14
141 380 14
143 14 14
143 293 14
143 206 14
143 784 14
143 966 14
143 181 14
144 741 14
144 1081 14
144 379 14
144 1272 14
144 515 14
146 202 14
146 341 14
146 293 14
146 206 14
148 1272 14
148 1081 14
149 1244 14
149 194 14
149 1263 14
149 445 14
149 814 14
149 902 14
149 142 14
149 820 14
149 468 14
149 202 14
149 180 14
149 999 14
149 1293 14
149 616 14
150 999 14
151 0 14
152 820 14
153 768 14
153 536 14
154 1022 14
154 625 14
154 725 14
154 206 14
154 784 14
154 910 14
155 877 14
155 616 14
155 205 14
9 254 14
9 860 14
9 318 14
9 1158 14
9 1099 14
9 483 14
9 842 14
9 208 14
9 1313 14
157 204 14
664 999 14
664 1223 14
159 914 14
159 579 14
159 793 14
159 107 14
159 864 14
159 1030 14
159 360 14
159 163 14
159 475 14
159 299 14
159 348 14
159 478 14
159 187 14
159 44 14
159 773 14
160 948 14
160 204 14
161 605 14
161 14 14
161 1061 14
161 206 14
161 784 14
161 952 14
162 725 14
162 206 14
163 1073 14
163 1235 14
163 569 14
163 902 14
163 1081 14
163 999 14
163 203 14
163 581 14
163 1098 14
163 695 14
163 1272 14
163 64 14
163 519 14
163 776 14
163 379 14
163 229 14
163 616 14
163 847 14
163 1019 14
163 1063 14
163 469 14
163 965 14
163 329 14
164 784 14
165 857 14
166 380 14
167 1309 14
167 472 14
167 308 14
167 194 14
167 202 14
167 185 14
453 589 14
453 204 14
168 190 14
168 1293 14
168 206 14
168 1312 14
168 14 14
252 1223 14
252 776 14
169 1235 14
169 1019 14
169 469 14
169 901 14
169 468 14
169 1308 14
169 329 14
169 1299 14
170 320 14
170 509 14
171 965 14
172 865 14
172 14 14
173 948 14
174 851 14
174 1075 14
174 625 14
174 814 14
174 142 14
174 820 14
174 967 14
174 202 14
174 725 14
174 180 14
174 328 14
174 206 14
174 450 14
174 999 14
174 1273 14
174 844 14
1048 952 14
175 948 14
175 181 14
177 1110 14
177 725 14
177 206 14
177 450 14
177 999 14
177 851 14
177 910 14
178 420 14
178 965 14
900 1088 14
900 536 14
900 528 14
900 605 14
900 468 14
900 404 14
900 768 14
900 1126 14
180 978 14
180 1023 14
180 189 14
180 258 14
180 988 14
180 531 14
180 789 14
180 233 14
180 903 14
180 584 14
180 350 14
180 744 14
180 1018 14
180 590 14
180 973 14
180 1219 14
180 780 14
180 579 14
180 426 14
180 810 14
180 11 14
180 481 14
180 1183 14
180 960 14
180 670 14
180 333 14
180 1271 14
180 327 14
180 1106 14
180 518 14
180 1171 14
180 687 14
180 218 14
180 440 14
180 278 14
180 985 14
180 532 14
180 856 14
180 118 14
180 533 14
180 537 14
180 698 14
180 701 14
180 226 14
180 504 14
180 709 14
180 622 14
180 1175 14
180 713 14
180 476 14
180 527 14
180 718 14
180 1134 14
180 403 14
180 571 14
180 592 14
180 1237 14
180 798 14
180 249 14
180 268 14
180 666 14
180 330 14
181 1042 14
181 135 14
181 1151 14
181 487 14
181 644 14
181 323 14
181 491 14
181 1080 14
181 1053 14
181 652 14
181 573 14
181 266 14
181 655 14
181 570 14
181 1001 14
181 575 14
181 976 14
181 1261 14
181 279 14
181 1051 14
181 756 14
181 280 14
181 199 14
181 352 14
181 828 14
181 306 14
181 1079 14
181 688 14
181 31 14
181 855 14
181 646 14
181 457 14
181 227 14
181 89 14
181 624 14
181 470 14
181 887 14
181 255 14
181 717 14
181 242 14
181 425 14
181 1139 14
181 557 14
181 136 14
181 928 14
181 1033 14
182 948 14
182 204 14
183 308 14
183 185 14
893 420 14
893 581 14
893 247 14
893 1207 14
893 965 14
893 902 14
893 776 14
893 865 14
185 1147 14
185 189 14
185 771 14
185 258 14
185 488 14
185 411 14
185 1029 14
185 531 14
185 571 14
185 903 14
185 654 14
185 997 14
185 350 14
185 885 14
185 199 14
185 498 14
185 436 14
185 800 14
185 582 14
185 810 14
185 500 14
185 586 14
185 1183 14
185 1043 14
185 518 14
185 1278 14
185 368 14
185 687 14
185 1078 14
185 125 14
185 440 14
185 691 14
185 307 14
185 1171 14
185 698 14
185 611 14
185 1155 14
185 1159 14
185 951 14
185 789 14
185 702 14
185 117 14
185 1213 14
185 393 14
185 962 14
185 1068 14
185 1056 14
185 271 14
185 398 14
185 960 14
185 798 14
185 249 14
185 1021 14
185 915 14
186 948 14
188 336 14
188 38 14
188 1245 14
188 1193 14
188 179 14
188 996 14
188 269 14
188 321 14
188 747 14
188 658 14
188 1002 14
188 632 14
188 1315 14
188 871 14
188 456 14
188 1161 14
188 418 14
188 359 14
188 522 14
188 363 14
188 668 14
188 594 14
188 1190 14
188 731 14
188 129 14
188 370 14
188 223 14
188 1201 14
188 454 14
188 288 14
188 187 14
188 383 14
188 131 14
188 812 14
188 620 14
188 235 14
188 624 14
188 189 14
188 1067 14
188 1176 14
188 259 14
188 1285 14
188 277 14
188 326 14
188 604 14
188 726 14
189 1027 14
189 851 14
189 1309 14
189 797 14
189 1263 14
189 445 14
189 814 14
189 142 14
189 820 14
189 1244 14
189 202 14
189 308 14
189 450 14
189 458 14
189 910 14
190 891 14
190 1143 14
190 644 14
190 817 14
190 412 14
190 990 14
190 211 14
190 875 14
190 995 14
190 996 14
190 1250 14
190 1187 14
190 570 14
190 270 14
190 590 14
190 918 14
190 871 14
190 662 14
190 936 14
190 360 14
190 1307 14
190 287 14
190 1297 14
190 750 14
190 291 14
190 769 14
190 297 14
190 1052 14
190 1198 14
190 1252 14
190 446 14
190 223 14
190 478 14
190 1202 14
190 621 14
190 861 14
190 455 14
190 866 14
190 44 14
190 954 14
190 619 14
190 873 14
190 1050 14
190 961 14
190 259 14
190 592 14
190 1054 14
190 1133 14
190 1056 14
190 277 14
190 1058 14
190 475 14
190 399 14
190 299 14
190 557 14
190 805 14
190 806 14
190 403 14
190 251 14
671 1088 14
671 1126 14
551 1235 14
551 1019 14
551 341 14
551 1081 14
551 450 14
551 1272 14
551 851 14
194 1147 14
194 983 14
194 411 14
194 1078 14
194 261 14
194 262 14
194 722 14
194 780 14
194 1301 14
194 507 14
194 582 14
194 508 14
194 610 14
194 199 14
194 1307 14
194 1017 14
194 434 14
194 766 14
194 930 14
194 1171 14
194 372 14
194 691 14
194 1295 14
194 1310 14
194 786 14
194 702 14
194 117 14
194 393 14
194 801 14
194 802 14
194 400 14
195 1103 14
195 497 14
195 948 14
196 14 14
895 616 14
197 341 14
197 293 14
197 206 14
198 1235 14
198 317 14
198 184 14
198 0 14
198 1075 14
198 643 14
198 877 14
198 1110 14
198 536 14
198 1103 14
198 1019 14
198 205 14
198 329 14
198 768 14
198 497 14
198 1085 14
198 1273 14
198 248 14
199 97 14
199 1110 14
199 944 14
199 1309 14
199 247 14
199 1263 14
199 1207 14
199 308 14
199 902 14
199 450 14
199 851 14
200 1027 14
200 458 14
896 14 14
202 730 14
202 1147 14
202 500 14
202 1278 14
202 1152 14
202 488 14
202 1171 14
202 1029 14
202 531 14
202 261 14
202 262 14
202 571 14
202 903 14
202 1163 14
202 1167 14
202 654 14
202 350 14
202 498 14
202 270 14
202 800 14
202 268 14
202 871 14
202 582 14
202 819 14
202 586 14
202 672 14
202 839 14
202 913 14
202 220 14
202 1043 14
202 364 14
202 766 14
202 927 14
202 930 14
202 840 14
202 687 14
202 936 14
202 482 14
202 1078 14
202 125 14
202 440 14
202 192 14
202 307 14
202 778 14
202 607 14
202 300 14
202 698 14
202 535 14
202 611 14
202 1155 14
202 1159 14
202 1056 14
202 617 14
202 1183 14
202 384 14
202 1017 14
202 392 14
202 789 14
202 702 14
202 982 14
202 117 14
202 1213 14
202 237 14
202 476 14
202 715 14
202 661 14
202 425 14
202 72 14
202 1289 14
202 249 14
202 1021 14
202 251 14
204 996 14
204 904 14
204 96 14
204 203 14
204 703 14
204 1178 14
204 758 14
204 284 14
204 474 14
204 286 14
204 512 14
204 1105 14
204 295 14
204 296 14
204 772 14
204 630 14
204 310 14
204 312 14
204 106 14
204 953 14
204 1124 14
204 957 14
204 390 14
204 236 14
204 887 14
204 91 14
204 574 14
204 720 14
204 753 14
204 782 14
205 978 14
205 732 14
205 256 14
205 1248 14
205 491 14
205 72 14
205 265 14
205 1086 14
205 1255 14
205 833 14
205 538 14
205 1192 14
205 282 14
205 1182 14
205 286 14
205 690 14
205 558 14
205 845 14
205 520 14
205 216 14
205 437 14
205 940 14
205 968 14
205 1065 14
205 118 14
205 949 14
205 1154 14
205 331 14
205 389 14
205 322 14
205 964 14
205 264 14
205 506 14
205 396 14
205 883 14
205 480 14
206 642 14
206 644 14
206 425 14
206 1030 14
206 72 14
206 655 14
206 722 14
206 354 14
206 158 14
206 804 14
206 813 14
206 819 14
206 359 14
206 363 14
206 1025 14
206 370 14
206 687 14
206 1032 14
206 343 14
206 982 14
206 701 14
206 382 14
206 383 14
206 384 14
206 715 14
206 492 14
206 718 14
206 721 14
206 99 14
206 1067 14
206 730 14
206 407 14
206 958 14
206 417 14
206 748 14
206 422 14
206 1301 14
206 771 14
206 774 14
206 762 14
206 1113 14
206 532 14
206 778 14
206 387 14
206 831 14
206 828 14
206 1123 14
206 463 14
206 790 14
206 1131 14
206 259 14
206 559 14
206 801 14
206 947 14
206 1143 14
206 1151 14
206 1011 14
206 358 14
206 1053 14
206 494 14
206 496 14
206 1237 14
206 672 14
206 839 14
206 210 14
206 1200 14
206 1198 14
206 192 14
206 862 14
206 864 14
206 25 14
206 176 14
206 234 14
206 702 14
206 235 14
206 546 14
206 661 14
206 554 14
206 1153 14
206 891 14
206 258 14
206 1177 14
206 392 14
206 1245 14
206 213 14
206 573 14
206 1250 14
206 268 14
206 334 14
206 290 14
206 273 14
206 1315 14
206 1260 14
206 995 14
206 919 14
206 922 14
206 1271 14
206 289 14
206 291 14
206 1278 14
206 1079 14
206 936 14
206 24 14
206 1289 14
206 593 14
206 193 14
206 619 14
206 622 14
206 550 14
206 631 14
206 604 14
206 626 14
207 254 14
207 860 14
207 318 14
207 1158 14
207 1099 14
207 483 14
207 842 14
207 208 14
207 1313 14
208 524 14
208 138 14
208 1046 14
208 257 14
208 499 14
208 629 14
208 1230 14
208 353 14
208 495 14
208 727 14
208 767 14
208 799 14
208 332 14
209 749 14
209 1309 14
209 142 14
926 643 14
926 616 14
926 776 14
210 469 14
210 329 14
210 293 14
1125 519 14
1125 847 14
1125 184 14
1125 329 14
214 1235 14
214 1019 14
214 469 14
214 14 14
214 820 14
214 468 14
214 329 14
214 450 14
214 784 14
214 851 14
215 643 14
215 865 14
215 752 14
215 424 14
350 445 14
350 814 14
350 308 14
350 1244 14
350 450 14
350 851 14
216 877 14
217 1110 14
217 567 14
217 965 14
217 902 14
217 420 14
217 999 14
217 616 14
218 851 14
218 700 14
218 1075 14
218 1309 14
218 247 14
218 1263 14
218 445 14
218 814 14
218 142 14
218 1244 14
218 1207 14
218 450 14
218 1273 14
219 768 14
219 902 14
219 567 14
219 536 14
1012 616 14
457 320 14
457 965 14
457 509 14
221 841 14
221 847 14
221 714 14
221 519 14
222 865 14
223 625 14
223 469 14
223 380 14
223 797 14
223 857 14
223 142 14
223 329 14
223 1312 14
224 303 14
224 231 14
35 316 14
35 497 14
35 623 14
35 735 14
35 965 14
35 1103 14
35 776 14
35 645 14
226 700 14
226 1075 14
226 841 14
226 142 14
226 820 14
226 944 14
226 404 14
226 1263 14
226 814 14
226 1272 14
226 1273 14
226 519 14
226 528 14
226 776 14
226 1207 14
226 847 14
226 1019 14
226 714 14
226 1223 14
226 247 14
226 1081 14
226 1235 14
471 184 14
471 329 14
227 616 14
228 1110 14
228 605 14
228 902 14
228 1223 14
228 910 14
229 1023 14
229 875 14
229 822 14
229 590 14
229 800 14
229 493 14
229 669 14
229 918 14
229 1170 14
229 840 14
229 362 14
229 297 14
229 773 14
229 687 14
229 527 14
229 532 14
229 448 14
229 1116 14
229 866 14
229 44 14
229 806 14
229 545 14
229 319 14
229 1050 14
229 961 14
229 1054 14
229 1056 14
229 475 14
229 595 14
229 299 14
229 478 14
229 612 14
229 401 14
230 97 14
230 316 14
230 1194 14
230 549 14
230 569 14
230 674 14
230 645 14
230 765 14
230 64 14
974 519 14
974 847 14
974 1019 14
974 1235 14
1127 1273 14
1127 1075 14
232 999 14
901 336 14
901 642 14
901 584 14
901 744 14
901 590 14
901 511 14
901 244 14
901 668 14
901 24 14
901 527 14
901 532 14
901 606 14
901 118 14
901 387 14
901 545 14
901 481 14
901 259 14
901 726 14
901 321 14
234 749 14
234 1293 14
234 625 14
234 1309 14
234 380 14
234 341 14
234 952 14
235 1027 14
235 458 14
235 231 14
235 1075 14
235 303 14
235 341 14
235 797 14
235 605 14
235 725 14
235 844 14
235 1273 14
235 328 14
237 442 14
237 1309 14
237 857 14
237 468 14
237 380 14
238 768 14
238 1085 14
238 536 14
1129 97 14
240 14 14
241 865 14
241 14 14
243 965 14
243 910 14
245 942 14
245 1087 14
246 967 14
246 14 14
179 797 14
179 616 14
179 380 14
1173 700 14
1173 14 14
248 491 14
248 256 14
248 949 14
248 720 14
248 939 14
248 836 14
248 412 14
248 594 14
248 191 14
248 535 14
248 1077 14
248 5 14
248 1204 14
249 1022 14
249 1110 14
249 700 14
249 1244 14
249 1309 14
249 1263 14
249 445 14
249 814 14
249 142 14
249 820 14
249 967 14
249 308 14
249 293 14
249 450 14
249 851 14
249 999 14
250 1088 14
250 184 14
250 623 14
250 735 14
250 569 14
250 379 14
250 329 14
250 64 14
250 1126 14
251 625 14
251 472 14
251 605 14
251 1061 14
251 784 14
251 1312 14
813 821 14
253 1235 14
253 1019 14
254 524 14
254 138 14
254 1046 14
254 257 14
254 499 14
254 629 14
254 1230 14
254 353 14
254 495 14
254 727 14
254 767 14
254 799 14
254 332 14
470 97 14
256 317 14
256 497 14
256 0 14
256 1075 14
256 643 14
256 877 14
256 303 14
256 1110 14
256 509 14
256 536 14
256 1103 14
256 320 14
256 231 14
256 1085 14
256 1273 14
256 768 14
257 860 14
257 318 14
257 1158 14
257 1099 14
257 483 14
257 842 14
257 1313 14
969 1027 14
969 987 14
969 458 14
969 328 14
969 844 14
258 999 14
258 814 14
258 857 14
258 14 14
258 308 14
258 293 14
258 450 14
258 851 14
258 784 14
258 952 14
734 625 14
260 784 14
846 472 14
261 700 14
261 1309 14
261 841 14
261 142 14
261 569 14
261 902 14
261 1081 14
261 999 14
261 910 14
261 749 14
261 1272 14
261 64 14
261 519 14
261 316 14
261 605 14
261 379 14
261 645 14
261 458 14
261 616 14
261 1027 14
261 847 14
261 625 14
261 714 14
261 469 14
261 1061 14
261 329 14
262 749 14
262 1044 14
262 1309 14
262 605 14
262 142 14
262 1061 14
262 910 14
263 14 14
684 776 14
684 616 14
684 965 14
473 965 14
265 877 14
266 97 14
266 316 14
266 184 14
266 623 14
266 735 14
266 1272 14
266 1081 14
266 329 14
266 645 14
267 752 14
267 424 14
268 814 14
268 605 14
268 1061 14
268 952 14
269 549 14
269 797 14
269 857 14
269 776 14
269 472 14
269 674 14
269 616 14
270 1293 14
270 380 14
270 784 14
270 1312 14
270 952 14
272 569 14
272 857 14
272 64 14
272 472 14
272 14 14
273 316 14
273 623 14
273 645 14
273 735 14
273 605 14
273 952 14
275 528 14
275 404 14
276 752 14
276 424 14
1135 999 14
1135 1223 14
1135 965 14
410 643 14
278 97 14
278 1244 14
278 944 14
278 247 14
278 445 14
278 814 14
278 1207 14
278 605 14
278 203 14
278 468 14
278 902 14
278 1061 14
278 616 14
280 966 14
281 293 14
282 877 14
283 316 14
283 1110 14
283 841 14
283 645 14
283 1272 14
283 1081 14
283 714 14
284 316 14
284 420 14
284 965 14
284 589 14
284 645 14
285 1104 14
286 316 14
286 184 14
286 581 14
286 877 14
286 902 14
286 589 14
286 329 14
286 645 14
287 316 14
287 623 14
287 735 14
287 645 14
287 1312 14
465 519 14
465 847 14
465 469 14
465 528 14
465 404 14
465 329 14
288 797 14
289 605 14
289 821 14
289 725 14
289 1081 14
289 784 14
289 1272 14
289 910 14
291 469 14
291 821 14
291 328 14
291 329 14
291 784 14
291 1312 14
291 844 14
689 865 14
1139 97 14
1139 519 14
1139 847 14
1139 1019 14
1139 1235 14
1139 714 14
1139 469 14
1139 841 14
1139 1081 14
1139 379 14
1139 329 14
1139 1272 14
1139 952 14
294 776 14
294 965 14
295 316 14
295 447 14
295 324 14
295 589 14
295 948 14
295 645 14
297 97 14
297 519 14
297 847 14
297 1019 14
297 1235 14
297 1063 14
297 469 14
297 1081 14
297 1314 14
297 379 14
297 329 14
297 1272 14
297 616 14
298 414 14
1140 184 14
1140 714 14
1140 329 14
1140 841 14
1140 1081 14
1140 379 14
1140 1009 14
1140 1272 14
1140 1070 14
912 784 14
1241 97 14
1241 316 14
1241 497 14
1241 231 14
1241 1103 14
1241 320 14
1241 549 14
1241 303 14
1241 509 14
1241 1194 14
1241 643 14
1241 674 14
1241 741 14
1241 645 14
1241 765 14
1241 515 14
301 1293 14
301 952 14
302 910 14
303 116 14
303 1248 14
303 233 14
303 1080 14
303 573 14
303 506 14
303 1102 14
303 513 14
303 548 14
303 1254 14
303 423 14
303 24 14
303 1287 14
303 377 14
303 387 14
303 460 14
303 622 14
303 716 14
303 793 14
303 859 14
303 136 14
303 480 14
303 321 14
303 782 14
304 605 14
305 707 14
305 925 14
307 1110 14
307 442 14
307 1309 14
307 472 14
307 14 14
307 308 14
307 380 14
307 450 14
307 851 14
308 1147 14
308 771 14
308 488 14
308 368 14
308 1029 14
308 531 14
308 997 14
308 571 14
308 903 14
308 654 14
308 498 14
308 500 14
308 436 14
308 800 14
308 582 14
308 810 14
308 586 14
308 1183 14
308 1043 14
308 518 14
308 1278 14
308 411 14
308 687 14
308 1078 14
308 125 14
308 440 14
308 691 14
308 1171 14
308 698 14
308 611 14
308 1155 14
308 1159 14
308 951 14
308 789 14
308 702 14
308 117 14
308 1213 14
308 393 14
308 962 14
308 1068 14
308 1056 14
308 271 14
308 398 14
308 960 14
308 798 14
308 885 14
308 1021 14
308 915 14
1191 1085 14
311 1298 14
311 675 14
909 341 14
312 1085 14
313 528 14
313 404 14
314 605 14
515 818 14
515 573 14
515 631 14
515 1080 14
515 862 14
515 613 14
515 655 14
515 441 14
316 655 14
316 1016 14
316 679 14
316 31 14
316 694 14
316 1049 14
316 720 14
316 1047 14
316 396 14
316 106 14
316 1270 14
316 1074 14
316 1186 14
316 412 14
316 1080 14
316 416 14
316 751 14
316 423 14
316 1058 14
316 758 14
316 690 14
316 441 14
316 782 14
316 460 14
316 788 14
316 1297 14
316 793 14
316 796 14
316 277 14
316 1136 14
316 1143 14
316 1033 14
316 489 14
316 491 14
316 1166 14
316 462 14
316 506 14
316 834 14
316 512 14
316 513 14
316 548 14
316 306 14
316 520 14
316 1287 14
316 1201 14
316 1202 14
316 861 14
316 680 14
316 716 14
316 883 14
316 136 14
316 818 14
316 573 14
316 908 14
316 1258 14
316 323 14
316 980 14
316 587 14
316 1281 14
316 935 14
316 937 14
316 940 14
316 145 14
316 606 14
316 1102 14
316 949 14
316 613 14
316 954 14
316 1300 14
316 322 14
316 964 14
316 631 14
316 972 14
316 753 14
480 735 14
480 1194 14
480 0 14
480 643 14
480 877 14
480 1103 14
480 231 14
480 497 14
480 1085 14
480 623 14
480 765 14
1286 549 14
1286 674 14
318 524 14
318 138 14
318 1046 14
318 499 14
318 629 14
318 1230 14
318 353 14
318 495 14
318 727 14
318 767 14
318 799 14
318 332 14
319 1073 14
319 841 14
319 902 14
319 1081 14
319 404 14
319 203 14
319 581 14
319 600 14
319 1098 14
319 1272 14
319 1235 14
319 1063 14
319 528 14
319 776 14
319 468 14
319 379 14
319 854 14
319 616 14
319 1019 14
319 714 14
319 469 14
319 965 14
319 329 14
320 732 14
320 520 14
320 1033 14
320 233 14
320 721 14
320 418 14
320 658 14
320 976 14
320 422 14
320 462 14
320 456 14
320 756 14
320 396 14
320 359 14
320 244 14
320 306 14
320 683 14
320 443 14
320 24 14
320 940 14
320 1287 14
320 118 14
320 377 14
320 782 14
320 1154 14
320 460 14
320 540 14
320 716 14
320 352 14
320 964 14
320 213 14
320 506 14
320 1058 14
320 883 14
320 136 14
320 973 14
320 387 14
481 445 14
481 1073 14
481 1244 14
481 600 14
481 814 14
481 776 14
481 857 14
481 468 14
481 902 14
481 1308 14
481 965 14
481 379 14
481 854 14
481 1223 14
481 203 14
322 97 14
322 519 14
322 847 14
322 184 14
322 623 14
322 1309 14
322 1009 14
322 877 14
322 735 14
322 329 14
322 645 14
322 1070 14
323 420 14
323 841 14
323 965 14
323 714 14
323 645 14
323 966 14
323 910 14
324 4 14
324 1004 14
324 1005 14
324 395 14
324 759 14
324 1160 14
324 996 14
324 1077 14
324 513 14
324 435 14
324 787 14
325 414 14
326 797 14
327 700 14
327 1244 14
327 445 14
327 814 14
327 857 14
327 468 14
327 902 14
327 450 14
327 999 14
327 851 14
328 336 14
328 562 14
328 743 14
328 20 14
328 1237 14
328 462 14
328 914 14
328 1301 14
328 107 14
328 1180 14
328 24 14
328 244 14
328 668 14
328 1197 14
328 374 14
328 449 14
328 701 14
328 187 14
328 25 14
328 726 14
328 1224 14
856 700 14
856 1309 14
856 857 14
856 820 14
856 1244 14
856 902 14
856 999 14
856 203 14
856 1298 14
856 814 14
856 445 14
856 468 14
856 1207 14
856 458 14
856 616 14
856 675 14
856 1027 14
856 944 14
856 247 14
329 984 14
329 344 14
329 348 14
329 360 14
329 1170 14
329 362 14
329 679 14
329 31 14
329 943 14
329 1034 14
329 982 14
329 44 14
329 713 14
329 1050 14
329 1054 14
329 396 14
329 401 14
329 1066 14
329 1068 14
329 521 14
329 739 14
329 744 14
329 419 14
329 751 14
329 1093 14
329 756 14
329 11 14
329 1101 14
329 773 14
329 443 14
329 1114 14
329 111 14
329 1116 14
329 460 14
329 352 14
329 475 14
329 299 14
329 478 14
329 806 14
329 1143 14
329 826 14
329 511 14
329 840 14
329 788 14
329 520 14
329 1200 14
329 913 14
329 527 14
329 537 14
329 866 14
329 1311 14
329 750 14
329 882 14
329 559 14
329 818 14
329 1234 14
329 848 14
329 875 14
329 905 14
329 916 14
329 584 14
329 587 14
329 933 14
329 423 14
329 940 14
329 1227 14
329 869 14
329 949 14
329 951 14
329 621 14
329 550 14
329 964 14
329 595 14
329 970 14
329 635 14
329 975 14
941 605 14
805 1312 14
332 860 14
332 1158 14
332 1099 14
332 483 14
332 842 14
332 1313 14
309 421 14
309 1259 14
430 857 14
337 643 14
337 1085 14
1148 910 14
341 1157 14
341 562 14
341 848 14
341 490 14
341 392 14
341 72 14
341 573 14
341 407 14
341 1187 14
341 187 14
341 1315 14
341 1237 14
341 456 14
341 1161 14
341 665 14
341 597 14
341 686 14
341 377 14
341 402 14
341 731 14
341 1079 14
341 934 14
341 1285 14
341 647 14
341 778 14
341 300 14
341 790 14
341 701 14
341 871 14
341 25 14
341 812 14
341 176 14
341 715 14
341 907 14
341 559 14
342 707 14
342 925 14
343 472 14
343 293 14
343 380 14
343 784 14
343 952 14
984 184 14
344 469 14
345 14 14
1149 967 14
347 865 14
347 784 14
347 625 14
347 380 14
863 776 14
348 519 14
348 847 14
348 469 14
348 445 14
348 1244 14
348 379 14
348 695 14
349 865 14
742 414 14
358 450 14
358 821 14
358 851 14
1150 97 14
963 999 14
354 725 14
355 414 14
819 1293 14
819 952 14
359 1022 14
359 1259 14
359 625 14
359 987 14
359 797 14
359 142 14
359 725 14
359 1081 14
359 509 14
359 1272 14
359 421 14
359 952 14
360 519 14
360 847 14
360 1019 14
360 1235 14
360 714 14
360 469 14
360 841 14
360 1081 14
360 379 14
360 695 14
360 1272 14
360 1314 14
360 616 14
361 1293 14
779 625 14
362 184 14
362 623 14
362 1063 14
362 581 14
362 247 14
362 735 14
362 643 14
362 902 14
362 1081 14
362 379 14
362 1207 14
362 1272 14
362 999 14
362 616 14
363 797 14
363 472 14
363 293 14
363 380 14
363 952 14
364 293 14
364 952 14
366 752 14
366 424 14
367 735 14
367 623 14
489 536 14
489 841 14
489 714 14
489 768 14
489 645 14
369 247 14
369 1207 14
370 1022 14
370 1293 14
370 797 14
370 784 14
371 733 14
372 820 14
372 64 14
372 944 14
372 1309 14
372 1263 14
372 1075 14
372 142 14
372 569 14
372 1223 14
372 851 14
372 450 14
372 999 14
372 1273 14
373 714 14
373 841 14
374 468 14
374 844 14
376 409 14
376 116 14
376 1297 14
376 1049 14
376 1248 14
376 694 14
376 781 14
376 1146 14
376 678 14
376 1292 14
376 1166 14
376 535 14
1157 987 14
377 1027 14
377 1110 14
377 458 14
377 231 14
377 1075 14
377 247 14
377 987 14
377 1207 14
377 509 14
377 967 14
377 902 14
377 1272 14
377 1081 14
377 1273 14
710 902 14
378 865 14
379 1023 14
379 346 14
379 38 14
379 983 14
379 642 14
379 455 14
379 233 14
379 875 14
379 822 14
379 1066 14
379 584 14
379 744 14
379 590 14
379 382 14
379 504 14
379 462 14
379 579 14
379 44 14
379 443 14
379 756 14
379 11 14
379 937 14
379 1170 14
379 1101 14
379 840 14
379 475 14
379 679 14
379 668 14
379 517 14
379 769 14
379 562 14
379 773 14
379 687 14
379 583 14
379 24 14
379 527 14
379 532 14
379 448 14
379 726 14
379 1116 14
379 387 14
379 864 14
379 866 14
379 187 14
379 1210 14
379 1068 14
379 739 14
379 873 14
379 713 14
379 321 14
379 456 14
379 1069 14
379 1054 14
379 1144 14
379 1056 14
379 1161 14
379 299 14
379 1050 14
379 478 14
379 635 14
379 401 14
379 806 14
380 2 14
380 771 14
380 809 14
380 1076 14
380 368 14
380 1078 14
380 827 14
380 1177 14
380 492 14
380 824 14
380 885 14
380 334 14
380 1315 14
380 1176 14
380 804 14
380 995 14
380 1017 14
380 661 14
380 621 14
380 1278 14
380 1245 14
380 691 14
380 529 14
380 192 14
380 607 14
380 1310 14
380 899 14
380 871 14
380 828 14
380 383 14
380 1123 14
380 400 14
380 891 14
380 554 14
380 571 14
380 477 14
380 1067 14
380 626 14
380 494 14
381 549 14
381 674 14
382 674 14
382 581 14
382 549 14
382 776 14
382 567 14
382 902 14
382 1098 14
382 725 14
382 965 14
382 1299 14
383 625 14
383 797 14
383 725 14
385 1085 14
386 857 14
388 1110 14
388 1073 14
388 967 14
388 247 14
388 857 14
388 965 14
388 944 14
388 902 14
388 1207 14
388 450 14
388 851 14
388 203 14
391 948 14
393 749 14
393 1044 14
393 965 14
393 1309 14
393 420 14
393 605 14
393 857 14
393 142 14
395 1088 14
395 1126 14
395 447 14
396 623 14
396 469 14
396 735 14
396 509 14
396 569 14
396 645 14
396 64 14
396 877 14
397 420 14
397 965 14
399 420 14
399 1312 14
399 965 14
399 450 14
399 851 14
400 749 14
400 1022 14
400 1309 14
400 605 14
400 1061 14
991 967 14
991 999 14
401 1073 14
401 857 14
401 142 14
401 902 14
401 1081 14
401 404 14
401 203 14
401 581 14
401 1098 14
401 1272 14
401 1235 14
401 528 14
401 776 14
401 468 14
401 616 14
401 1299 14
401 1019 14
401 1063 14
401 469 14
401 965 14
929 784 14
929 857 14
403 1027 14
403 1312 14
403 247 14
403 814 14
403 567 14
403 1207 14
403 902 14
403 1022 14
403 458 14
404 1023 14
404 562 14
404 1030 14
404 822 14
404 745 14
404 914 14
404 456 14
404 107 14
404 1170 14
404 244 14
404 1116 14
404 387 14
404 713 14
404 1056 14
404 595 14
404 970 14
404 1031 14
1195 999 14
1195 1273 14
1195 1075 14
1195 142 14
1195 625 14
405 820 14
406 910 14
406 472 14
406 14 14
407 1272 14
407 1081 14
408 948 14
409 501 14
1186 645 14
411 1293 14
411 1309 14
411 1263 14
411 142 14
411 910 14
411 999 14
411 952 14
412 1312 14
412 247 14
412 1207 14
412 948 14
412 645 14
412 317 14
413 247 14
413 1207 14
414 656 14
414 794 14
414 1306 14
414 1013 14
414 147 14
414 557 14
414 1039 14
414 637 14
414 203 14
414 540 14
415 999 14
415 1223 14
415 776 14
416 97 14
416 519 14
416 847 14
416 623 14
416 714 14
416 735 14
416 420 14
416 965 14
416 841 14
416 645 14
861 847 14
861 519 14
861 645 14
861 1312 14
417 1235 14
417 1019 14
417 1293 14
417 293 14
418 1259 14
418 247 14
418 987 14
418 797 14
418 1207 14
418 605 14
418 902 14
418 1081 14
418 509 14
418 1272 14
418 421 14
418 616 14
782 97 14
782 735 14
782 497 14
782 623 14
782 1075 14
782 509 14
782 1103 14
782 967 14
782 589 14
782 910 14
782 645 14
782 1273 14
782 231 14
788 519 14
788 847 14
788 1019 14
788 714 14
788 469 14
788 445 14
788 1235 14
788 841 14
788 1244 14
788 645 14
419 1235 14
419 1019 14
419 184 14
420 1238 14
420 1143 14
420 1206 14
420 368 14
420 894 14
420 1202 14
420 1253 14
420 881 14
420 1013 14
420 604 14
420 516 14
420 769 14
420 731 14
420 1190 14
420 542 14
420 192 14
420 1290 14
420 1183 14
420 708 14
420 1297 14
420 702 14
420 259 14
420 1247 14
420 271 14
420 592 14
420 595 14
420 277 14
420 433 14
499 860 14
499 1158 14
499 1099 14
499 483 14
499 842 14
499 1313 14
422 1110 14
422 421 14
422 1259 14
422 1075 14
422 509 14
422 820 14
422 821 14
422 1081 14
422 725 14
422 851 14
422 450 14
422 1272 14
422 784 14
422 1273 14
422 910 14
935 645 14
424 505 14
424 201 14
424 1084 14
424 627 14
424 932 14
424 91 14
424 693 14
424 738 14
424 277 14
424 993 14
424 994 14
424 1095 14
424 1119 14
424 785 14
424 835 14
424 1229 14
424 870 14
425 97 14
425 987 14
425 857 14
425 784 14
425 966 14
425 293 14
426 1298 14
426 1244 14
426 445 14
426 814 14
426 468 14
426 1098 14
426 1027 14
426 458 14
426 675 14
427 776 14
428 999 14
11 700 14
11 1309 14
11 857 14
11 944 14
11 902 14
11 1298 14
11 581 14
11 814 14
11 1235 14
11 445 14
11 776 14
11 468 14
11 1207 14
11 616 14
11 675 14
11 1019 14
11 1244 14
11 247 14
11 469 14
11 965 14
704 776 14
937 645 14
1261 966 14
1099 524 14
1099 138 14
1099 1046 14
1099 629 14
1099 1230 14
1099 353 14
1099 495 14
1099 727 14
1099 767 14
1099 799 14
434 700 14
434 967 14
434 1309 14
434 247 14
434 1263 14
434 1207 14
434 944 14
434 902 14
434 1081 14
434 1272 14
434 999 14
572 902 14
598 999 14
598 776 14
598 965 14
939 317 14
1233 1044 14
1233 910 14
438 421 14
438 1259 14
438 1085 14
439 581 14
439 902 14
440 700 14
440 1244 14
440 247 14
440 1263 14
440 445 14
440 1075 14
440 1207 14
440 142 14
440 944 14
440 1273 14
440 814 14
441 97 14
441 1194 14
441 625 14
441 1259 14
441 549 14
441 776 14
441 674 14
441 741 14
441 645 14
441 765 14
441 421 14
442 334 14
442 891 14
442 192 14
442 661 14
442 936 14
442 1076 14
442 368 14
442 529 14
442 1180 14
442 607 14
442 494 14
442 626 14
443 519 14
443 847 14
443 1019 14
443 1235 14
443 1009 14
443 469 14
443 509 14
443 569 14
443 1272 14
443 841 14
443 1081 14
443 948 14
443 714 14
443 64 14
443 1070 14
125 820 14
125 1110 14
125 450 14
125 851 14
445 1023 14
445 1018 14
445 1171 14
445 531 14
445 822 14
445 654 14
445 584 14
445 498 14
445 744 14
445 500 14
445 590 14
445 973 14
445 1134 14
445 504 14
445 579 14
445 666 14
445 810 14
445 1183 14
445 1170 14
445 670 14
445 333 14
445 517 14
445 527 14
445 532 14
445 118 14
445 798 14
445 533 14
445 780 14
445 960 14
445 1175 14
445 713 14
445 476 14
445 352 14
445 1106 14
445 1219 14
445 1214 14
445 571 14
445 478 14
445 903 14
445 1068 14
445 330 14
848 1293 14
848 987 14
848 184 14
447 4 14
447 1004 14
447 1005 14
447 759 14
447 1160 14
447 996 14
447 1077 14
447 513 14
447 435 14
447 787 14
448 714 14
448 1073 14
448 581 14
448 1063 14
448 902 14
448 1081 14
448 841 14
448 1272 14
448 1098 14
448 203 14
449 1194 14
449 536 14
449 768 14
449 1085 14
449 765 14
449 844 14
726 1075 14
726 421 14
726 1298 14
726 1259 14
726 674 14
726 1273 14
726 844 14
726 1110 14
726 776 14
726 1207 14
726 605 14
726 675 14
726 247 14
726 549 14
726 797 14
726 1308 14
451 142 14
1058 1273 14
1058 1259 14
1058 1075 14
1058 247 14
1058 536 14
1058 509 14
1058 1312 14
1058 1207 14
1058 1298 14
1058 768 14
1058 645 14
1058 1085 14
1058 421 14
1058 999 14
1058 675 14
1058 910 14
454 623 14
454 247 14
454 735 14
454 797 14
454 1207 14
455 97 14
455 1081 14
455 1272 14
455 1314 14
455 616 14
645 655 14
645 587 14
645 1016 14
645 679 14
645 31 14
645 694 14
645 1049 14
645 720 14
645 1047 14
645 106 14
645 1270 14
645 1074 14
645 1080 14
645 751 14
645 423 14
645 758 14
645 690 14
645 460 14
645 1297 14
645 793 14
645 796 14
645 277 14
645 1136 14
645 1143 14
645 1033 14
645 491 14
645 1166 14
645 462 14
645 506 14
645 834 14
645 512 14
645 513 14
645 548 14
645 306 14
645 520 14
645 1287 14
645 1201 14
645 1202 14
645 680 14
645 716 14
645 883 14
645 136 14
645 818 14
645 573 14
645 908 14
645 1258 14
645 980 14
645 1281 14
645 940 14
645 145 14
645 606 14
645 1102 14
645 949 14
645 613 14
645 964 14
645 954 14
645 1300 14
645 631 14
645 972 14
645 753 14
458 1018 14
458 1171 14
458 72 14
458 903 14
458 997 14
458 654 14
458 498 14
458 436 14
458 1237 14
458 333 14
458 384 14
458 922 14
458 1285 14
458 985 14
458 244 14
458 862 14
458 1091 14
458 789 14
458 622 14
458 1214 14
458 321 14
458 718 14
458 750 14
458 595 14
458 798 14
458 888 14
459 1052 14
460 97 14
460 1110 14
460 184 14
460 231 14
460 714 14
460 549 14
460 509 14
460 569 14
460 1103 14
460 674 14
460 497 14
460 841 14
460 64 14
460 643 14
461 714 14
461 841 14
1174 999 14
463 1022 14
463 1044 14
463 625 14
463 725 14
463 784 14
464 784 14
464 14 14
697 999 14
389 97 14
389 877 14
466 999 14
466 1223 14
467 1085 14
945 1097 14
838 999 14
838 776 14
838 965 14
469 1234 14
469 949 14
469 559 14
469 970 14
469 739 14
469 1200 14
469 584 14
469 905 14
469 744 14
469 1311 14
469 44 14
469 916 14
469 1170 14
469 511 14
469 840 14
469 352 14
469 679 14
469 933 14
469 913 14
469 1114 14
469 1227 14
469 111 14
469 478 14
469 1116 14
469 621 14
469 982 14
469 537 14
469 773 14
469 866 14
469 951 14
469 806 14
469 713 14
469 527 14
469 550 14
469 1054 14
469 1068 14
469 750 14
469 475 14
469 595 14
469 299 14
469 869 14
469 1066 14
469 975 14
255 97 14
259 1312 14
259 247 14
259 549 14
259 797 14
259 567 14
259 776 14
259 821 14
259 902 14
259 674 14
259 293 14
259 1207 14
259 965 14
259 1308 14
472 730 14
472 2 14
472 891 14
472 1151 14
472 1071 14
472 644 14
472 494 14
472 1007 14
472 936 14
472 801 14
472 839 14
472 1076 14
472 539 14
472 766 14
472 661 14
472 771 14
472 774 14
472 1198 14
472 1032 14
472 300 14
472 1289 14
472 1159 14
472 831 14
472 1295 14
472 619 14
472 476 14
472 492 14
472 554 14
472 482 14
264 877 14
728 857 14
1128 902 14
475 519 14
475 841 14
475 569 14
475 1081 14
475 1009 14
475 695 14
475 1272 14
475 64 14
475 1235 14
475 1063 14
475 616 14
475 97 14
475 847 14
475 1019 14
475 714 14
475 1314 14
475 1070 14
478 519 14
478 841 14
478 569 14
478 1244 14
478 902 14
478 581 14
478 1098 14
478 695 14
478 64 14
478 1235 14
478 714 14
478 847 14
478 1019 14
478 1063 14
478 1314 14
479 581 14
479 902 14
826 184 14
317 491 14
317 949 14
317 720 14
317 836 14
317 594 14
317 191 14
317 535 14
317 1077 14
317 5 14
317 1204 14
321 987 14
321 421 14
321 910 14
321 1259 14
321 600 14
321 1098 14
321 674 14
321 1110 14
321 605 14
321 854 14
321 1027 14
321 231 14
321 549 14
321 797 14
321 965 14
321 1308 14
626 749 14
626 1293 14
626 1044 14
626 625 14
626 1309 14
626 142 14
626 821 14
626 910 14
482 14 14
482 293 14
482 784 14
948 875 14
948 1084 14
948 203 14
948 747 14
948 1256 14
948 758 14
948 512 14
948 843 14
948 931 14
948 99 14
948 525 14
948 1049 14
948 887 14
948 923 14
948 1218 14
948 91 14
948 1138 14
948 753 14
1265 247 14
1265 1207 14
484 1299 14
700 978 14
700 890 14
700 1171 14
700 649 14
700 903 14
700 584 14
700 654 14
700 1169 14
700 755 14
700 1183 14
700 333 14
700 773 14
700 533 14
700 780 14
700 504 14
700 1296 14
700 812 14
700 550 14
700 713 14
700 961 14
700 1214 14
700 595 14
1097 981 14
488 605 14
488 1061 14
368 749 14
368 1309 14
368 142 14
368 965 14
368 944 14
368 605 14
368 910 14
490 987 14
490 605 14
491 1259 14
491 1075 14
491 421 14
491 877 14
491 536 14
491 768 14
491 1298 14
491 1085 14
491 1273 14
491 784 14
491 675 14
491 910 14
492 1293 14
492 293 14
492 952 14
1057 770 14
1057 1057 14
1057 711 14
494 1293 14
494 625 14
494 1309 14
494 293 14
494 952 14
495 860 14
495 1158 14
495 483 14
495 842 14
495 1313 14
850 569 14
850 64 14
850 776 14
496 293 14
733 1130 14
498 1027 14
498 1110 14
498 1075 14
498 1309 14
498 1263 14
498 142 14
498 820 14
498 967 14
498 1244 14
498 605 14
498 1273 14
498 1061 14
421 336 14
421 642 14
421 1080 14
421 213 14
421 573 14
421 1281 14
421 914 14
421 721 14
421 158 14
421 771 14
421 1025 14
421 24 14
421 694 14
421 387 14
421 1091 14
421 622 14
421 793 14
421 718 14
421 1049 14
421 1108 14
500 1110 14
500 605 14
500 1244 14
500 1061 14
501 116 14
501 1297 14
501 1049 14
501 1248 14
501 694 14
501 781 14
501 1146 14
501 678 14
501 1292 14
501 1166 14
501 535 14
502 910 14
950 97 14
504 1309 14
504 1244 14
504 203 14
504 814 14
504 142 14
504 857 14
504 944 14
504 902 14
504 967 14
504 999 14
504 616 14
505 752 14
506 536 14
506 497 14
506 0 14
506 877 14
506 509 14
506 1103 14
506 231 14
506 1194 14
506 765 14
506 643 14
506 768 14
507 749 14
507 1110 14
507 625 14
507 1309 14
507 605 14
507 142 14
507 999 14
507 910 14
87 865 14
508 1075 14
508 1309 14
508 1263 14
508 142 14
508 999 14
508 1273 14
509 732 14
509 233 14
509 658 14
509 976 14
509 462 14
509 683 14
509 456 14
509 756 14
509 352 14
509 306 14
509 520 14
509 24 14
509 940 14
509 1287 14
509 1033 14
509 118 14
509 244 14
509 387 14
509 1154 14
509 540 14
509 716 14
509 964 14
509 213 14
509 721 14
509 883 14
509 136 14
509 973 14
510 999 14
587 97 14
587 497 14
587 643 14
587 1272 14
587 184 14
587 1103 14
587 674 14
587 1081 14
587 1194 14
587 765 14
587 549 14
511 847 14
511 519 14
511 569 14
511 1308 14
511 64 14
921 625 14
512 1088 14
512 569 14
512 589 14
512 64 14
512 1126 14
513 1088 14
513 231 14
513 1075 14
513 567 14
513 902 14
513 1085 14
513 1273 14
513 1126 14
513 910 14
514 1293 14
516 965 14
517 1244 14
517 14 14
518 814 14
518 605 14
519 640 14
519 739 14
519 875 14
519 583 14
519 1288 14
519 1101 14
519 840 14
519 679 14
519 773 14
519 523 14
519 527 14
519 985 14
519 866 14
519 1210 14
519 44 14
519 1143 14
519 1300 14
519 1054 14
519 595 14
519 299 14
519 869 14
519 806 14
519 1066 14
519 1144 14
520 184 14
520 1009 14
520 877 14
520 1070 14
735 818 14
735 628 14
735 949 14
735 875 14
735 1270 14
735 662 14
735 756 14
735 716 14
735 690 14
735 599 14
735 31 14
735 530 14
735 613 14
735 1050 14
735 964 14
735 883 14
735 1080 14
735 136 14
735 1033 14
522 797 14
523 847 14
523 247 14
523 468 14
523 1207 14
524 860 14
524 1158 14
524 483 14
524 842 14
524 1313 14
526 776 14
527 847 14
527 1063 14
527 814 14
527 1244 14
527 1308 14
527 616 14
528 1023 14
528 562 14
528 1030 14
528 822 14
528 745 14
528 914 14
528 456 14
528 107 14
528 1170 14
528 244 14
528 1116 14
528 387 14
528 713 14
528 1056 14
528 595 14
528 970 14
528 1031 14
529 625 14
529 569 14
529 64 14
530 623 14
736 776 14
736 965 14
736 616 14
533 1244 14
533 1309 14
533 944 14
533 814 14
533 857 14
533 142 14
533 468 14
533 902 14
533 967 14
534 1299 14
535 497 14
535 1103 14
535 605 14
537 1298 14
537 625 14
537 814 14
537 468 14
537 675 14
538 749 14
538 1073 14
538 877 14
538 857 14
540 97 14
540 1075 14
540 1273 14
540 910 14
541 784 14
541 14 14
542 965 14
543 776 14
544 14 14
546 987 14
546 857 14
546 14 14
546 293 14
716 497 14
716 623 14
716 1075 14
716 1103 14
716 567 14
716 643 14
716 902 14
716 910 14
716 776 14
716 1273 14
716 231 14
1184 97 14
1184 776 14
549 336 14
549 225 14
549 1030 14
549 233 14
549 655 14
549 38 14
549 832 14
549 456 14
549 1161 14
549 1037 14
549 1102 14
549 244 14
549 658 14
549 683 14
549 1025 14
549 24 14
549 606 14
549 462 14
549 387 14
549 187 14
549 668 14
549 622 14
549 1143 14
549 631 14
549 721 14
549 862 14
550 967 14
550 857 14
550 142 14
550 1309 14
550 999 14
550 910 14
958 952 14
958 293 14
552 1085 14
553 14 14
554 857 14
554 293 14
554 14 14
555 1235 14
555 1019 14
557 1312 14
557 966 14
723 967 14
723 999 14
723 1223 14
1264 987 14
560 1098 14
561 999 14
562 1235 14
562 1110 14
562 1019 14
562 605 14
562 965 14
562 1299 14
562 844 14
817 749 14
817 1293 14
817 142 14
817 999 14
817 1312 14
817 952 14
1296 1309 14
564 967 14
564 999 14
53 1085 14
567 642 14
567 1030 14
567 894 14
567 1025 14
567 655 14
567 722 14
567 662 14
567 582 14
567 922 14
567 548 14
567 731 14
567 762 14
567 1285 14
567 763 14
567 1310 14
567 387 14
567 611 14
567 597 14
567 1212 14
567 702 14
567 1300 14
567 631 14
567 1133 14
567 750 14
567 807 14
567 862 14
568 616 14
569 983 14
569 1154 14
569 640 14
569 1210 14
569 875 14
569 758 14
569 996 14
569 462 14
569 662 14
569 107 14
569 755 14
569 244 14
569 1189 14
569 595 14
569 773 14
569 31 14
569 933 14
569 840 14
569 940 14
569 1287 14
569 869 14
569 864 14
569 911 14
569 866 14
569 545 14
569 1216 14
569 456 14
569 1301 14
569 1102 14
569 1054 14
569 720 14
569 271 14
569 106 14
569 883 14
569 299 14
569 635 14
897 729 14
571 820 14
571 1244 14
571 247 14
571 814 14
571 902 14
571 857 14
571 944 14
571 1207 14
965 1238 14
965 649 14
965 658 14
965 1008 14
965 493 14
965 1013 14
965 1170 14
965 1025 14
965 1143 14
965 708 14
965 1206 14
965 271 14
965 1094 14
965 1062 14
965 1120 14
965 744 14
965 590 14
965 456 14
965 609 14
965 763 14
965 769 14
965 731 14
965 99 14
965 773 14
965 778 14
965 387 14
965 187 14
965 1297 14
965 793 14
965 578 14
965 433 14
965 1033 14
965 1023 14
965 336 14
965 670 14
965 38 14
965 1237 14
965 1183 14
965 1190 14
965 192 14
965 531 14
965 1202 14
965 1168 14
965 702 14
965 1215 14
965 881 14
965 136 14
965 233 14
965 894 14
965 1253 14
965 277 14
965 1161 14
965 244 14
965 592 14
965 1282 14
965 24 14
965 1132 14
965 1290 14
965 89 14
965 1247 14
965 588 14
965 604 14
965 595 14
573 97 14
573 1194 14
573 231 14
573 1259 14
573 741 14
573 725 14
573 765 14
96 589 14
1087 955 14
1087 1242 14
1087 580 14
1228 1052 14
575 97 14
576 643 14
576 616 14
577 643 14
578 776 14
578 616 14
579 1244 14
579 1298 14
579 944 14
579 247 14
579 814 14
579 468 14
579 1207 14
579 695 14
579 675 14
967 978 14
967 890 14
967 531 14
967 72 14
967 903 14
967 654 14
967 755 14
967 668 14
967 1183 14
967 849 14
967 1060 14
967 706 14
967 683 14
967 685 14
967 1115 14
967 1287 14
967 812 14
967 622 14
967 874 14
967 1132 14
967 721 14
967 920 14
967 485 14
967 862 14
581 38 14
581 531 14
581 233 14
581 649 14
581 822 14
581 336 14
581 655 14
581 744 14
581 590 14
581 800 14
581 462 14
581 1161 14
581 493 14
581 584 14
581 1170 14
581 840 14
581 1102 14
581 763 14
581 668 14
581 1106 14
581 773 14
581 687 14
581 24 14
581 1287 14
581 532 14
581 1116 14
581 387 14
581 866 14
581 187 14
581 875 14
581 793 14
581 961 14
581 1056 14
581 595 14
581 299 14
581 612 14
582 749 14
582 902 14
582 142 14
582 14 14
582 605 14
582 1061 14
583 847 14
583 1081 14
583 1272 14
584 1309 14
584 857 14
584 944 14
584 902 14
584 203 14
584 814 14
584 1235 14
584 468 14
584 1207 14
584 1019 14
584 1244 14
584 247 14
584 1308 14
584 1223 14
585 605 14
586 820 14
586 450 14
586 851 14
1280 293 14
588 776 14
589 772 14
589 753 14
589 887 14
589 758 14
589 574 14
589 720 14
589 106 14
589 996 14
589 957 14
589 1105 14
747 797 14
592 814 14
592 1312 14
886 1052 14
594 797 14
594 14 14
595 1309 14
595 857 14
595 902 14
595 600 14
595 64 14
595 854 14
595 1027 14
595 847 14
595 1063 14
595 1223 14
1036 865 14
596 865 14
597 1293 14
597 1110 14
597 987 14
597 605 14
597 902 14
599 616 14
599 623 14
602 865 14
603 450 14
603 851 14
605 1147 14
605 476 14
605 38 14
605 1278 14
605 1152 14
605 1018 14
605 1029 14
605 72 14
605 136 14
605 996 14
605 722 14
605 456 14
605 1180 14
605 1028 14
605 673 14
605 760 14
605 1017 14
605 1043 14
605 668 14
605 731 14
605 930 14
605 1171 14
605 1254 14
605 24 14
605 292 14
605 1252 14
605 187 14
605 532 14
605 607 14
605 1310 14
605 611 14
605 1155 14
605 828 14
605 25 14
605 702 14
605 545 14
605 1213 14
605 793 14
605 880 14
605 1056 14
605 1161 14
605 1137 14
605 791 14
605 1287 14
605 333 14
606 97 14
606 1194 14
606 714 14
606 776 14
606 674 14
606 910 14
606 841 14
606 765 14
606 1308 14
606 1299 14
607 625 14
607 857 14
607 293 14
607 784 14
607 1061 14
608 293 14
807 902 14
946 97 14
946 616 14
611 1110 14
611 902 14
611 1061 14
91 752 14
613 97 14
613 1194 14
613 623 14
613 776 14
613 741 14
613 765 14
614 1085 14
615 0 14
616 1023 14
616 653 14
616 641 14
616 94 14
616 649 14
616 822 14
616 1266 14
616 894 14
616 713 14
616 1168 14
616 590 14
616 1256 14
616 825 14
616 456 14
616 755 14
616 493 14
616 1094 14
616 873 14
616 922 14
616 485 14
616 658 14
616 1106 14
616 1107 14
616 778 14
616 763 14
616 566 14
616 1237 14
616 1210 14
616 44 14
616 806 14
616 331 14
616 874 14
616 706 14
616 476 14
616 1205 14
616 1303 14
616 1144 14
616 721 14
616 757 14
616 1190 14
616 1062 14
616 1214 14
616 612 14
616 961 14
616 889 14
618 784 14
618 14 14
1201 797 14
1201 1085 14
620 797 14
973 1088 14
973 814 14
973 820 14
973 1244 14
973 1126 14
622 821 14
622 902 14
622 910 14
622 1259 14
622 814 14
622 674 14
622 851 14
622 1207 14
622 1027 14
622 231 14
622 247 14
622 1223 14
622 725 14
622 450 14
623 875 14
623 818 14
623 1270 14
623 949 14
623 662 14
623 756 14
623 628 14
623 690 14
623 31 14
623 1050 14
623 964 14
623 883 14
623 1080 14
623 136 14
623 1033 14
624 247 14
624 797 14
624 1207 14
624 966 14
625 1147 14
625 1071 14
625 891 14
625 644 14
625 827 14
625 1030 14
625 885 14
625 1315 14
625 804 14
625 1180 14
625 1307 14
625 922 14
625 690 14
625 1245 14
625 1032 14
625 1177 14
625 1123 14
625 887 14
625 1176 14
625 825 14
625 631 14
625 1133 14
625 801 14
625 880 14
625 1301 14
1314 918 14
1314 1056 14
1314 1050 14
1314 1054 14
1314 875 14
1314 873 14
1314 299 14
1314 866 14
1314 806 14
1314 44 14
1314 961 14
1314 590 14
627 752 14
628 765 14
628 1194 14
629 860 14
629 1158 14
629 483 14
629 842 14
629 1313 14
631 97 14
631 674 14
631 714 14
631 776 14
631 841 14
631 821 14
631 902 14
631 741 14
631 1098 14
632 797 14
1203 865 14
634 1223 14
635 97 14
635 184 14
635 1009 14
635 854 14
635 600 14
635 1081 14
635 1272 14
635 64 14
635 1070 14
636 1088 14
636 1126 14
638 97 14
2 1309 14
2 1022 14
640 847 14
640 714 14
640 841 14
640 64 14
755 1273 14
755 1075 14
755 1309 14
755 1263 14
755 142 14
755 64 14
641 97 14
641 643 14
642 1235 14
642 1019 14
642 1259 14
642 714 14
642 902 14
642 725 14
642 1308 14
642 841 14
642 1299 14
643 979 14
643 653 14
643 1248 14
643 1030 14
643 822 14
643 1117 14
643 423 14
643 1276 14
643 1192 14
643 1102 14
643 548 14
643 1107 14
643 1254 14
643 1199 14
643 833 14
643 277 14
643 612 14
644 857 14
644 293 14
644 784 14
644 1312 14
644 966 14
837 999 14
1030 714 14
1030 674 14
1030 841 14
1030 902 14
1030 725 14
1030 695 14
1030 999 14
1030 910 14
649 857 14
649 203 14
649 902 14
649 776 14
72 1027 14
72 1110 14
72 1075 14
72 877 14
72 1223 14
72 821 14
72 725 14
72 1273 14
651 14 14
652 966 14
785 752 14
654 1027 14
654 1110 14
654 1075 14
654 1263 14
654 142 14
654 999 14
654 820 14
654 944 14
654 1244 14
654 851 14
654 450 14
654 1273 14
655 97 14
655 714 14
655 741 14
655 776 14
655 821 14
655 902 14
655 674 14
655 841 14
655 910 14
658 247 14
658 797 14
658 1207 14
658 776 14
658 902 14
658 674 14
659 1273 14
659 1075 14
138 860 14
138 1158 14
138 483 14
138 842 14
138 1313 14
662 1312 14
662 1194 14
662 714 14
662 902 14
662 1081 14
662 841 14
662 1272 14
662 765 14
662 64 14
663 1088 14
663 1272 14
663 1081 14
663 1126 14
158 821 14
158 725 14
158 1259 14
666 600 14
666 1244 14
666 814 14
666 468 14
666 854 14
681 749 14
681 999 14
681 142 14
681 910 14
669 1063 14
669 1098 14
669 203 14
191 536 14
191 497 14
191 1103 14
191 768 14
1016 768 14
1016 536 14
675 1093 14
675 1161 14
675 810 14
675 694 14
675 24 14
676 695 14
677 1085 14
679 847 14
679 1019 14
679 1235 14
682 1085 14
683 97 14
683 714 14
683 1098 14
683 674 14
683 1081 14
683 841 14
683 1272 14
988 814 14
687 714 14
687 1073 14
687 1063 14
687 814 14
687 902 14
687 821 14
687 1081 14
687 1098 14
687 1272 14
687 841 14
688 999 14
873 97 14
873 1009 14
873 714 14
873 1081 14
873 841 14
873 1272 14
873 1070 14
691 749 14
691 1110 14
691 142 14
691 293 14
691 450 14
691 851 14
691 784 14
691 910 14
692 910 14
693 752 14
693 776 14
694 1298 14
694 1259 14
694 536 14
694 768 14
694 1085 14
763 1110 14
763 1073 14
763 203 14
763 776 14
763 857 14
763 1309 14
763 902 14
763 1044 14
696 142 14
1212 902 14
698 820 14
698 814 14
698 450 14
698 851 14
701 1110 14
701 814 14
701 820 14
701 725 14
701 450 14
701 851 14
701 844 14
702 749 14
702 821 14
702 1309 14
702 902 14
702 1044 14
702 142 14
702 1061 14
990 1312 14
808 1085 14
942 955 14
942 1242 14
942 580 14
766 1022 14
766 1044 14
766 1309 14
766 142 14
766 293 14
766 910 14
1189 64 14
712 865 14
712 784 14
713 1309 14
713 857 14
713 1244 14
713 902 14
713 999 14
713 814 14
713 1235 14
713 776 14
713 468 14
713 1207 14
713 1019 14
713 944 14
713 247 14
714 346 14
714 1018 14
714 456 14
714 822 14
714 1054 14
714 1208 14
714 918 14
714 24 14
714 840 14
714 853 14
714 244 14
714 769 14
714 1269 14
714 773 14
714 423 14
714 1102 14
714 864 14
714 866 14
714 187 14
714 1210 14
714 44 14
714 462 14
714 233 14
714 793 14
714 1287 14
714 1068 14
714 1056 14
714 299 14
714 612 14
714 806 14
714 961 14
714 1031 14
715 293 14
717 97 14
718 1027 14
718 1259 14
718 814 14
718 821 14
718 725 14
719 247 14
719 1098 14
719 1207 14
720 64 14
721 1273 14
721 1259 14
721 674 14
721 1075 14
721 247 14
721 1207 14
721 776 14
721 820 14
721 821 14
721 902 14
721 725 14
721 999 14
721 910 14
431 14 14
724 1088 14
724 1126 14
580 1038 14
450 1078 14
450 722 14
450 1175 14
450 915 14
450 1183 14
450 840 14
450 985 14
450 922 14
450 446 14
450 118 14
450 1237 14
450 545 14
450 1214 14
450 960 14
450 213 14
450 657 14
450 800 14
450 610 14
450 1021 14
994 752 14
994 776 14
727 860 14
727 1158 14
727 483 14
727 842 14
727 1313 14
798 1027 14
798 814 14
798 1244 14
729 729 14
730 987 14
730 14 14
730 293 14
730 952 14
731 987 14
731 797 14
731 902 14
731 952 14
732 1293 14
732 877 14
1003 768 14
1003 536 14
497 818 14
497 852 14
497 462 14
497 107 14
497 244 14
497 423 14
497 1287 14
497 335 14
497 136 14
497 1033 14
996 1312 14
996 797 14
996 64 14
1050 97 14
1050 184 14
1050 1063 14
1050 1081 14
1050 1272 14
1050 1009 14
1050 1070 14
1076 1293 14
1076 784 14
201 752 14
521 1235 14
521 1110 14
521 1019 14
521 184 14
521 1075 14
521 857 14
521 1073 14
521 1273 14
531 1110 14
531 1073 14
531 1244 14
531 814 14
531 902 14
531 776 14
531 857 14
531 944 14
531 1098 14
531 203 14
737 865 14
738 752 14
739 847 14
739 1019 14
739 1235 14
739 1081 14
739 1272 14
129 797 14
1217 1064 14
1029 1293 14
998 865 14
998 784 14
743 844 14
762 1110 14
762 1009 14
762 142 14
762 821 14
762 902 14
762 1070 14
744 1073 14
744 857 14
744 1244 14
744 902 14
744 203 14
744 814 14
744 776 14
744 468 14
744 1299 14
744 944 14
744 1308 14
570 1312 14
570 966 14
746 910 14
590 1073 14
590 1244 14
590 902 14
590 814 14
590 1098 14
590 1235 14
590 776 14
590 468 14
590 1019 14
590 1063 14
590 1308 14
748 987 14
748 293 14
749 1147 14
749 476 14
749 885 14
749 1083 14
749 722 14
749 804 14
749 1301 14
749 1180 14
749 1307 14
749 786 14
749 1017 14
749 661 14
749 930 14
749 1171 14
749 936 14
749 1078 14
749 192 14
749 300 14
749 1310 14
749 387 14
749 1155 14
749 1123 14
749 117 14
749 892 14
749 880 14
749 801 14
749 604 14
749 802 14
749 1289 14
1219 1244 14
1219 814 14
1219 944 14
1219 1098 14
751 184 14
752 1084 14
752 932 14
752 277 14
752 993 14
752 1095 14
752 1119 14
752 835 14
752 1229 14
752 870 14
754 987 14
756 97 14
756 184 14
756 1009 14
756 1081 14
756 1272 14
756 1070 14
1221 876 14
1221 1006 14
758 64 14
674 336 14
674 225 14
674 233 14
674 456 14
674 1161 14
674 1037 14
674 24 14
674 1102 14
674 244 14
674 668 14
674 1025 14
674 38 14
674 462 14
674 387 14
674 187 14
674 832 14
674 1143 14
674 862 14
690 97 14
690 1194 14
690 877 14
690 765 14
695 864 14
695 914 14
695 793 14
695 107 14
695 299 14
695 187 14
695 44 14
695 773 14
764 97 14
765 818 14
765 1270 14
765 1240 14
765 1080 14
765 887 14
765 136 14
765 1033 14
851 1078 14
851 722 14
851 1175 14
851 1183 14
851 840 14
851 985 14
851 922 14
851 446 14
851 118 14
851 1237 14
851 545 14
851 1214 14
851 960 14
851 213 14
851 657 14
851 800 14
851 610 14
851 1021 14
851 915 14
767 860 14
767 1158 14
767 483 14
767 842 14
767 1313 14
768 116 14
768 1270 14
768 1248 14
768 1192 14
768 1281 14
768 781 14
768 1292 14
768 959 14
768 1049 14
769 97 14
769 776 14
769 14 14
769 841 14
769 1312 14
1002 797 14
771 1259 14
771 987 14
771 142 14
771 14 14
771 910 14
771 293 14
771 952 14
773 1235 14
773 841 14
773 857 14
773 902 14
773 1081 14
773 1098 14
773 1272 14
773 64 14
773 776 14
773 847 14
773 1019 14
773 1063 14
774 1044 14
774 987 14
774 857 14
774 293 14
1185 97 14
776 1008 14
776 493 14
776 1170 14
776 336 14
776 1268 14
776 1094 14
776 1107 14
776 1062 14
776 1215 14
776 456 14
776 670 14
776 1102 14
776 778 14
776 1116 14
776 387 14
776 187 14
776 812 14
776 793 14
776 1143 14
776 1023 14
776 653 14
776 815 14
776 1156 14
776 822 14
776 548 14
776 1190 14
776 1168 14
776 38 14
776 233 14
776 1161 14
776 1282 14
777 0 14
778 1073 14
778 857 14
778 1309 14
778 293 14
778 952 14
300 293 14
300 784 14
781 536 14
781 1085 14
532 1063 14
532 814 14
532 1244 14
532 902 14
532 1308 14
532 1061 14
532 1098 14
532 203 14
783 1235 14
783 1019 14
783 857 14
783 14 14
783 293 14
783 784 14
783 1299 14
784 809 14
784 983 14
784 1071 14
784 1053 14
784 1187 14
784 1278 14
784 1083 14
784 1151 14
784 62 14
784 995 14
784 1026 14
784 1198 14
784 1118 14
784 1295 14
784 790 14
784 1289 14
784 384 14
784 1041 14
784 621 14
784 476 14
784 1131 14
111 184 14
786 1309 14
97 989 14
97 306 14
97 1210 14
97 1080 14
97 352 14
97 976 14
97 462 14
97 986 14
97 1101 14
97 1106 14
97 1255 14
97 423 14
97 31 14
97 1284 14
97 118 14
97 89 14
97 545 14
97 979 14
97 1144 14
97 1303 14
97 136 14
97 806 14
97 928 14
97 1143 14
97 940 14
97 1033 14
789 1027 14
789 814 14
789 820 14
790 14 14
1008 999 14
791 1061 14
792 865 14
792 14 14
793 1110 14
793 1259 14
793 231 14
793 841 14
793 987 14
793 902 14
793 1098 14
795 865 14
795 1085 14
892 1309 14
892 142 14
797 1067 14
797 336 14
797 1245 14
797 1193 14
797 1315 14
797 871 14
797 456 14
797 1161 14
797 1190 14
797 38 14
797 1285 14
797 187 14
797 131 14
797 812 14
797 668 14
797 1176 14
797 277 14
797 604 14
1137 1110 14
1137 468 14
1137 1061 14
1111 999 14
559 293 14
800 1110 14
800 1073 14
800 1063 14
800 902 14
801 821 14
801 14 14
801 293 14
801 910 14
802 1309 14
802 142 14
803 14 14
804 1309 14
842 1046 14
842 1230 14
842 353 14
842 799 14
806 847 14
806 1009 14
806 1063 14
806 841 14
806 1081 14
806 1272 14
806 1070 14
966 1042 14
966 1079 14
966 135 14
966 1151 14
966 855 14
966 1051 14
966 1001 14
387 1075 14
387 902 14
387 910 14
387 1259 14
387 1098 14
387 1273 14
387 231 14
387 1308 14
387 725 14
809 857 14
809 14 14
811 14 14
814 978 14
814 1023 14
814 233 14
814 903 14
814 1018 14
814 1237 14
814 810 14
814 1183 14
814 960 14
814 670 14
814 333 14
814 1271 14
814 1106 14
814 1171 14
814 985 14
814 118 14
814 780 14
814 709 14
814 1175 14
814 1134 14
814 476 14
814 330 14
1248 0 14
1248 1075 14
1248 877 14
1248 536 14
1248 231 14
1248 1085 14
1248 1273 14
818 1075 14
818 184 14
818 741 14
818 1103 14
818 1081 14
818 1194 14
818 1273 14
818 1272 14
820 978 14
820 1171 14
820 233 14
820 903 14
820 915 14
820 922 14
820 1271 14
820 244 14
820 930 14
820 1025 14
820 985 14
820 1237 14
820 960 14
820 213 14
820 1021 14
821 1143 14
821 1153 14
821 722 14
821 1278 14
821 1301 14
821 919 14
821 213 14
821 99 14
821 1032 14
821 1123 14
821 193 14
821 604 14
822 1244 14
822 1063 14
822 14 14
822 902 14
822 841 14
1100 293 14
1222 865 14
1085 116 14
1085 565 14
1085 1172 14
1085 1192 14
1085 986 14
1085 548 14
1085 1281 14
1085 1254 14
1085 68 14
1085 1292 14
1085 452 14
1085 1049 14
1085 887 14
1085 761 14
828 1022 14
828 1110 14
828 725 14
829 0 14
830 1110 14
831 1293 14
831 857 14
831 293 14
831 952 14
833 877 14
1015 293 14
1307 1044 14
1307 1309 14
1307 142 14
1307 1223 14
1307 999 14
1307 1312 14
1307 910 14
839 987 14
839 857 14
839 293 14
840 1235 14
840 841 14
840 902 14
840 1081 14
840 1098 14
840 1272 14
840 64 14
840 1063 14
840 847 14
840 1019 14
844 336 14
844 20 14
844 1237 14
844 462 14
844 914 14
844 1301 14
844 107 14
844 1180 14
844 24 14
844 244 14
844 668 14
844 1197 14
844 187 14
844 25 14
844 1224 14
845 877 14
1235 99 14
1235 336 14
1235 338 14
1235 1283 14
1235 864 14
1235 914 14
1235 456 14
1235 107 14
1235 1288 14
1235 1101 14
1235 668 14
1235 31 14
1235 187 14
1235 812 14
1235 933 14
1235 1302 14
1235 1116 14
1235 1054 14
1235 1068 14
1235 1134 14
1235 299 14
1235 869 14
1235 1066 14
1235 1144 14
1245 1293 14
1245 725 14
1017 1309 14
1017 142 14
1017 910 14
853 841 14
854 978 14
854 1023 14
854 1234 14
854 38 14
854 750 14
854 1170 14
854 330 14
847 875 14
847 1288 14
847 1101 14
847 985 14
847 866 14
847 1210 14
847 44 14
847 1143 14
847 1300 14
847 1054 14
847 299 14
847 869 14
847 1066 14
847 1144 14
857 1079 14
857 1151 14
857 1023 14
857 1053 14
857 1067 14
857 903 14
857 1187 14
857 1175 14
857 915 14
857 493 14
857 1183 14
857 384 14
857 1278 14
857 1198 14
857 1162 14
857 621 14
857 1159 14
857 1226 14
857 825 14
857 1214 14
857 907 14
857 1231 14
858 1088 14
858 1126 14
860 1046 14
860 1230 14
860 353 14
860 799 14
1310 14 14
1310 902 14
1310 142 14
1310 910 14
862 1027 14
862 247 14
862 741 14
862 902 14
862 725 14
862 910 14
862 1207 14
862 999 14
0 1254 14
0 334 14
0 1192 14
0 136 14
0 1275 14
0 1033 14
864 1019 14
864 725 14
864 841 14
864 64 14
865 1274 14
865 1072 14
865 1082 14
865 906 14
865 1196 14
865 1266 14
865 1059 14
865 1297 14
865 1277 14
865 1026 14
865 1202 14
865 339 14
865 1165 14
865 1279 14
865 621 14
865 1141 14
866 1063 14
866 902 14
866 1081 14
866 1272 14
866 841 14
866 64 14
867 999 14
25 987 14
25 725 14
25 952 14
869 1019 14
869 64 14
211 1312 14
107 1110 14
107 1019 14
107 1103 14
107 64 14
1244 1023 14
1244 1018 14
1244 1171 14
1244 1134 14
1244 810 14
1244 1183 14
1244 1170 14
1244 670 14
1244 333 14
1244 118 14
1244 780 14
1244 960 14
1244 1175 14
1244 476 14
1244 352 14
1244 1106 14
1244 1214 14
1244 903 14
1244 1068 14
1244 330 14
877 978 14
877 1086 14
877 1255 14
877 1192 14
877 1182 14
877 558 14
877 437 14
877 940 14
877 968 14
877 1065 14
877 118 14
877 949 14
877 1154 14
877 331 14
877 964 14
877 883 14
85 293 14
1230 1158 14
1230 483 14
1230 1313 14
591 247 14
591 1207 14
880 1293 14
880 987 14
880 293 14
882 184 14
883 64 14
136 1103 14
136 231 14
136 1194 14
1246 999 14
894 902 14
894 999 14
887 1194 14
888 1027 14
890 247 14
890 1263 14
890 1207 14
890 944 14
890 902 14
890 999 14
891 1022 14
891 1309 14
891 293 14
891 1312 14
352 1009 14
352 1070 14
184 875 14
184 1093 14
184 1101 14
184 940 14
184 423 14
184 31 14
184 943 14
184 1034 14
184 949 14
184 964 14
184 1143 14
38 1110 14
38 600 14
38 902 14
38 1098 14
38 1299 14
1019 99 14
1019 336 14
1019 338 14
1019 1283 14
1019 914 14
1019 456 14
1019 1288 14
1019 1101 14
1019 668 14
1019 31 14
1019 187 14
1019 812 14
1019 933 14
1019 1302 14
1019 1116 14
1019 1054 14
1019 1068 14
1019 1134 14
1019 299 14
1019 1066 14
1019 1144 14
1309 1147 14
1309 1078 14
1309 885 14
1309 722 14
1309 1301 14
1309 1169 14
1309 1180 14
1309 930 14
1309 333 14
1309 1171 14
1309 1122 14
1309 1123 14
1309 117 14
1309 960 14
1309 612 14
435 1088 14
435 1126 14
898 1293 14
1177 142 14
1177 725 14
1177 910 14
233 1075 14
233 841 14
233 902 14
233 910 14
233 1098 14
233 1273 14
233 1299 14
233 231 14
902 722 14
902 493 14
902 1170 14
902 244 14
902 1102 14
902 476 14
902 1056 14
902 780 14
902 456 14
902 670 14
902 1106 14
902 1116 14
902 187 14
902 825 14
902 1133 14
902 299 14
902 978 14
902 1023 14
902 336 14
902 1018 14
902 462 14
902 1175 14
902 548 14
902 1287 14
902 1214 14
902 750 14
902 961 14
902 875 14
902 903 14
902 1025 14
902 1161 14
902 915 14
902 922 14
902 668 14
902 24 14
902 1285 14
902 1300 14
902 612 14
903 247 14
903 944 14
903 1027 14
903 1207 14
903 999 14
907 987 14
334 14 14
334 293 14
334 952 14
910 1080 14
910 1295 14
910 1025 14
910 462 14
910 968 14
910 1180 14
910 548 14
910 930 14
910 1281 14
910 812 14
910 192 14
910 1155 14
910 117 14
910 1049 14
910 1014 14
910 213 14
910 1133 14
910 633 14
910 299 14
910 1216 14
910 1267 14
910 1190 14
911 64 14
859 231 14
1142 999 14
914 1259 14
1091 1022 14
1091 1027 14
1091 1259 14
915 142 14
915 944 14
915 1223 14
918 1073 14
918 1009 14
918 841 14
918 1098 14
918 1063 14
918 1070 14
920 999 14
775 293 14
922 1027 14
922 1263 14
922 1075 14
922 725 14
922 999 14
922 1273 14
244 841 14
244 1081 14
244 1103 14
244 1272 14
244 64 14
244 1110 14
244 1027 14
244 1308 14
384 1027 14
384 14 14
384 293 14
816 293 14
927 987 14
930 1044 14
930 1061 14
930 142 14
31 64 14
933 468 14
933 64 14
423 231 14
423 1075 14
423 1103 14
423 1081 14
423 841 14
423 1273 14
423 1272 14
936 1293 14
936 14 14
936 1312 14
936 952 14
24 841 14
24 987 14
24 1298 14
24 1259 14
24 1098 14
24 1110 14
24 1299 14
24 231 14
24 1308 14
24 725 14
940 64 14
985 1027 14
985 247 14
985 1207 14
944 1018 14
944 810 14
944 670 14
944 333 14
944 1106 14
944 1171 14
944 118 14
944 780 14
944 1175 14
944 825 14
468 978 14
468 1023 14
468 338 14
468 1018 14
468 1134 14
468 913 14
468 333 14
468 1116 14
468 476 14
468 750 14
468 970 14
468 1214 14
468 330 14
947 987 14
947 293 14
483 1046 14
483 353 14
483 799 14
949 1272 14
949 1081 14
503 999 14
503 1223 14
951 1299 14
954 1312 14
545 64 14
545 247 14
545 1207 14
545 1308 14
545 1063 14
1297 247 14
1297 1207 14
1297 1312 14
960 1075 14
960 1263 14
960 1273 14
960 952 14
961 1063 14
961 1098 14
961 841 14
213 1110 14
213 1259 14
213 1075 14
213 1081 14
213 725 14
213 1272 14
213 1273 14
1161 1110 14
1161 1298 14
1161 1081 14
1161 1272 14
604 247 14
604 1207 14
604 293 14
612 1073 14
612 1098 14
612 841 14
612 1063 14
1033 1103 14
1033 1194 14
1263 978 14
1263 810 14
1263 983 14
1263 1169 14
1263 780 14
1263 333 14
1263 1214 14
1263 825 14
1263 610 14
977 1088 14
977 1126 14
978 1075 14
978 600 14
978 1273 14
135 1273 14
135 1075 14
135 14 14
983 142 14
983 64 14
1023 1073 14
1023 600 14
1023 1098 14
1023 1299 14
1023 1063 14
987 336 14
987 1151 14
987 1053 14
987 1187 14
987 871 14
987 995 14
987 1262 14
987 1285 14
987 44 14
987 812 14
987 1067 14
987 1289 14
1154 1009 14
1154 1081 14
1154 1272 14
1154 64 14
1154 1070 14
142 1147 14
142 875 14
142 1018 14
142 1169 14
142 722 14
142 1315 14
142 1301 14
142 810 14
142 1180 14
142 333 14
142 1295 14
142 1155 14
142 1123 14
142 1078 14
142 117 14
142 1214 14
142 610 14
142 476 14
142 1171 14
992 1293 14
203 722 14
203 1175 14
203 493 14
203 670 14
203 1106 14
203 1116 14
203 1214 14
203 825 14
995 1293 14
995 725 14
995 1312 14
997 1027 14
336 1081 14
336 1259 14
336 1272 14
336 1110 14
336 1207 14
336 1299 14
336 247 14
336 1308 14
999 722 14
999 493 14
999 1035 14
999 476 14
999 610 14
999 1060 14
999 1062 14
999 1115 14
999 825 14
999 1164 14
999 1169 14
999 1183 14
999 1188 14
999 1092 14
999 1171 14
999 1256 14
999 1043 14
999 1236 14
999 1278 14
999 1282 14
999 1291 14
999 1294 14
667 293 14
1126 1084 14
1126 1182 14
1126 548 14
1126 1281 14
1126 1254 14
1126 1209 14
1126 106 14
1126 1225 14
1126 753 14
722 1110 14
722 1061 14
1007 14 14
1009 306 14
1009 1210 14
1009 118 14
1009 1101 14
62 14 14
810 1298 14
810 247 14
810 1207 14
810 1273 14
810 1075 14
493 1073 14
493 1063 14
493 1098 14
1043 1061 14
1170 600 14
1170 1073 14
1170 1063 14
1170 1299 14
333 1027 14
333 247 14
333 1110 14
333 1207 14
333 1075 14
333 1273 14
333 1061 14
1018 1027 14
1018 1207 14
1018 841 14
1018 247 14
64 875 14
64 1287 14
64 1210 14
64 462 14
64 1216 14
64 456 14
64 1301 14
64 1102 14
64 1054 14
64 271 14
64 106 14
64 299 14
1020 239 14
1022 225 14
1022 1187 14
1022 1176 14
1022 619 14
1022 192 14
1022 1131 14
1025 1259 14
1025 247 14
1025 725 14
1025 1207 14
1026 14 14
1031 841 14
1032 1293 14
1032 1044 14
1032 1098 14
1046 1158 14
1046 1313 14
1040 14 14
1027 1171 14
1027 436 14
1027 1237 14
1027 1285 14
1027 1214 14
1027 750 14
1044 117 14
1044 1078 14
1044 1295 14
1044 1180 14
1044 1123 14
1273 116 14
1273 1171 14
1273 462 14
1273 968 14
1273 1183 14
1273 1102 14
1273 548 14
1273 1281 14
1273 1285 14
1273 1049 14
353 1158 14
353 1313 14
1041 1293 14
1041 14 14
1049 1259 14
1049 1075 14
1049 536 14
1063 875 14
1063 1056 14
1063 1116 14
1063 44 14
1063 1054 14
1063 299 14
1053 293 14
1053 952 14
1054 1098 14
1054 1081 14
1054 1272 14
1054 841 14
1056 1061 14
1056 1081 14
1056 1272 14
1056 841 14
610 1110 14
106 1088 14
1061 1147 14
1061 1278 14
1061 1152 14
1061 476 14
1061 1180 14
1061 1155 14
1061 1213 14
476 247 14
476 1207 14
1064 1064 14
1066 1081 14
1066 1272 14
1067 293 14
1068 841 14
1070 306 14
1070 1210 14
1070 118 14
1070 1101 14
1071 14 14
1073 1175 14
1073 670 14
1073 1106 14
1073 1116 14
1073 825 14
1075 116 14
1075 462 14
1075 968 14
1075 1183 14
1075 1102 14
1075 548 14
1075 1171 14
1075 1281 14
1075 1285 14
1078 1110 14
1301 1293 14
1080 1194 14
1080 741 14
1080 231 14
1080 1259 14
1081 875 14
1081 346 14
1081 1192 14
1081 44 14
1081 1101 14
1081 1102 14
1081 1285 14
1081 306 14
1081 1116 14
1081 187 14
1081 812 14
1081 1287 14
1081 299 14
1081 1237 14
1081 1144 14
1084 1088 14
952 619 14
952 225 14
952 563 14
952 1250 14
952 1187 14
952 672 14
952 1198 14
952 661 14
952 356 14
952 192 14
952 118 14
952 1289 14
952 812 14
952 117 14
952 1131 14
1088 1182 14
1088 548 14
1088 1281 14
1088 1254 14
1088 1209 14
1088 1225 14
1088 753 14
1089 1098 14
1093 1298 14
14 827 14
14 1145 14
14 1304 14
14 1183 14
14 672 14
14 1079 14
14 1198 14
14 601 14
14 1118 14
14 1155 14
14 176 14
14 1055 14
14 1131 14
1103 852 14
1103 462 14
1103 1287 14
1103 335 14
1098 462 14
1098 456 14
1098 668 14
1098 1287 14
1098 1116 14
1098 299 14
1098 330 14
725 1315 14
725 1237 14
725 1271 14
670 247 14
670 1207 14
670 1223 14
1101 1272 14
1102 231 14
1102 1110 14
1102 1272 14
1102 841 14
1106 247 14
1106 1207 14
1108 1259 14
1110 1147 14
1110 187 14
1110 1155 14
1110 456 14
1110 668 14
1110 192 14
1110 1292 14
1110 1237 14
1110 1287 14
1121 247 14
1121 1207 14
1114 1293 14
1116 1272 14
1224 1293 14
187 841 14
187 1207 14
187 1272 14
187 247 14
1123 1293 14
1293 1251 14
1293 1250 14
1293 1187 14
1293 1198 14
1293 661 14
1293 1197 14
1293 356 14
1293 1176 14
1293 871 14
1293 619 14
231 116 14
231 548 14
231 1254 14
231 1287 14
247 1134 14
247 780 14
247 1175 14
247 1285 14
247 1202 14
247 1305 14
247 825 14
1131 293 14
1133 1312 14
1134 1207 14
277 1312 14
293 1151 14
293 392 14
293 1250 14
293 672 14
293 1079 14
293 356 14
293 621 14
293 1289 14
299 841 14
299 1272 14
1143 1312 14
1144 1272 14
330 600 14
346 841 14
346 1272 14
446 1312 14
959 536 14
536 116 14
536 1270 14
536 1192 14
536 1281 14
536 1292 14
1158 799 14
1270 1194 14
825 1207 14
1237 1272 14
462 841 14
1175 1207 14
600 1234 14
600 750 14
1192 1272 14
1187 1312 14
1194 1240 14
619 1312 14
1198 1312 14
118 1308 14
1202 1207 14
1202 1312 14
871 1312 14
1207 780 14
1207 1285 14
1207 1305 14
1208 841 14
1210 841 14
621 1312 14
750 1312 14
1308 668 14
1223 1287 14
1252 1312 14
799 1313 14
306 1272 14
841 456 14
841 1269 14
841 44 14
841 1287 14
875 1272 14
812 1272 14
1250 1312 14
1259 1281 14
1272 44 14
1272 1285 14
1272 1287 14
0 172 15
1 303 15
40 276 15
40 438 15
3 345 15
3 169 15
3 310 15
3 9 15
3 186 15
4 310 15
4 345 15
5 81 15
5 245 15
5 633 15
5 56 15
5 513 15
103 303 15
7 303 15
8 303 15
9 311 15
9 31 15
9 320 15
9 165 15
9 11 15
9 545 15
9 329 15
9 15 15
9 307 15
9 175 15
9 178 15
9 179 15
9 23 15
9 336 15
9 237 15
9 505 15
9 184 15
9 340 15
9 343 15
9 198 15
9 518 15
9 41 15
9 357 15
9 47 15
9 358 15
9 359 15
9 360 15
9 210 15
9 528 15
9 362 15
9 531 15
9 58 15
9 211 15
9 61 15
9 213 15
9 369 15
9 218 15
9 451 15
9 223 15
9 67 15
9 225 15
9 431 15
9 228 15
9 550 15
9 80 15
9 84 15
9 88 15
9 250 15
9 578 15
9 407 15
9 253 15
9 284 15
9 255 15
9 257 15
9 410 15
9 585 15
9 461 15
9 264 15
9 268 15
9 592 15
9 419 15
9 422 15
9 427 15
9 123 15
9 308 15
9 602 15
9 279 15
9 280 15
9 124 15
9 281 15
9 283 15
9 610 15
9 613 15
9 130 15
9 447 15
9 137 15
9 626 15
9 452 15
9 299 15
9 454 15
9 455 15
9 457 15
9 302 15
9 522 15
9 146 15
9 149 15
9 466 15
9 637 15
9 309 15
10 303 15
12 513 15
13 276 15
13 438 15
14 330 15
14 276 15
14 157 15
14 438 15
16 172 15
17 97 15
18 172 15
19 303 15
316 608 15
316 63 15
21 635 15
21 276 15
21 438 15
22 310 15
22 345 15
23 63 15
24 345 15
24 492 15
24 310 15
25 242 15
25 245 15
25 625 15
25 81 15
25 97 15
26 97 15
26 303 15
27 172 15
28 172 15
29 330 15
29 276 15
29 157 15
29 438 15
29 635 15
29 608 15
30 330 15
30 157 15
30 608 15
318 242 15
318 625 15
32 330 15
32 635 15
32 157 15
32 608 15
33 330 15
33 157 15
33 608 15
34 303 15
35 330 15
35 157 15
36 513 15
37 310 15
37 345 15
38 97 15
38 63 15
38 513 15
39 492 15
2 492 15
534 81 15
534 245 15
534 633 15
534 56 15
534 513 15
43 63 15
44 169 15
44 186 15
45 513 15
321 296 15
48 310 15
48 345 15
49 330 15
49 157 15
50 635 15
51 172 15
52 172 15
54 330 15
54 157 15
422 492 15
422 513 15
57 310 15
57 345 15
59 330 15
59 157 15
59 608 15
60 513 15
62 172 15
63 391 15
63 488 15
63 273 15
63 600 15
63 159 15
63 352 15
63 241 15
63 400 15
63 125 15
63 566 15
63 127 15
63 402 15
63 485 15
63 147 15
63 86 15
63 121 15
63 404 15
63 440 15
63 441 15
63 167 15
63 442 15
63 94 15
63 620 15
63 583 15
63 453 15
63 535 15
63 300 15
63 377 15
63 456 15
63 158 15
63 474 15
63 369 15
63 590 15
63 304 15
63 265 15
63 379 15
63 115 15
63 544 15
63 337 15
63 579 15
63 206 15
63 271 15
63 628 15
63 509 15
63 339 15
63 553 15
63 629 15
64 303 15
65 276 15
65 303 15
65 438 15
66 303 15
68 172 15
70 97 15
71 97 15
71 303 15
72 330 15
72 157 15
72 608 15
73 633 15
73 56 15
74 97 15
74 303 15
75 97 15
75 438 15
75 303 15
75 276 15
76 242 15
76 245 15
76 625 15
76 81 15
77 513 15
78 242 15
78 625 15
79 172 15
69 513 15
81 390 15
81 392 15
81 278 15
81 291 15
81 42 15
81 353 15
81 293 15
81 324 15
81 286 15
81 130 15
81 289 15
81 209 15
81 490 15
81 91 15
81 176 15
81 531 15
81 445 15
81 96 15
81 257 15
81 627 15
81 536 15
81 155 15
81 262 15
81 101 15
81 458 15
81 269 15
81 338 15
81 226 15
81 547 15
81 152 15
81 469 15
81 208 15
81 344 15
81 190 15
81 148 15
81 510 15
81 554 15
82 296 15
83 97 15
84 345 15
84 492 15
84 310 15
85 513 15
270 330 15
270 157 15
270 633 15
270 56 15
87 172 15
89 635 15
90 435 15
91 635 15
91 625 15
91 245 15
91 242 15
92 394 15
92 500 15
93 97 15
95 492 15
96 245 15
97 555 15
97 475 15
97 314 15
97 480 15
97 484 15
97 324 15
97 162 15
97 6 15
97 164 15
97 409 15
97 174 15
97 332 15
97 506 15
97 183 15
97 509 15
97 511 15
97 446 15
97 196 15
97 516 15
97 198 15
97 243 15
97 371 15
97 358 15
97 209 15
97 364 15
97 365 15
97 212 15
97 402 15
97 375 15
97 540 15
97 381 15
97 129 15
97 473 15
97 235 15
97 239 15
97 240 15
97 400 15
97 567 15
97 246 15
97 248 15
97 249 15
97 573 15
97 575 15
97 404 15
97 519 15
97 579 15
97 252 15
97 350 15
97 491 15
97 583 15
97 627 15
97 584 15
97 412 15
97 413 15
97 101 15
97 102 15
97 104 15
97 265 15
97 108 15
97 421 15
97 111 15
97 116 15
97 215 15
97 53 15
97 121 15
97 560 15
97 607 15
97 127 15
97 128 15
97 437 15
97 479 15
97 441 15
97 622 15
97 449 15
97 141 15
97 599 15
97 144 15
97 630 15
97 588 15
97 632 15
97 464 15
97 465 15
97 153 15
97 288 15
97 309 15
97 472 15
624 303 15
99 303 15
100 492 15
101 245 15
101 633 15
101 56 15
104 303 15
105 330 15
105 157 15
106 242 15
106 625 15
109 192 15
110 513 15
111 513 15
112 172 15
569 608 15
113 172 15
114 242 15
114 625 15
116 303 15
117 310 15
117 345 15
118 492 15
119 242 15
119 625 15
120 172 15
121 303 15
122 492 15
123 310 15
123 345 15
124 310 15
124 345 15
126 513 15
127 276 15
127 438 15
548 310 15
548 345 15
130 245 15
131 303 15
132 330 15
132 157 15
132 608 15
133 513 15
134 635 15
134 303 15
135 543 15
135 258 15
135 382 15
193 310 15
193 345 15
138 635 15
139 513 15
140 330 15
140 157 15
140 608 15
141 513 15
565 303 15
143 389 15
143 298 15
143 328 15
145 303 15
269 633 15
269 245 15
269 56 15
231 330 15
231 157 15
231 633 15
231 56 15
150 492 15
151 172 15
152 625 15
152 245 15
152 242 15
154 172 15
333 276 15
333 438 15
157 194 15
157 195 15
157 429 15
157 365 15
157 312 15
157 399 15
157 215 15
157 236 15
157 501 15
157 31 15
157 467 15
157 342 15
157 241 15
157 295 15
157 519 15
157 203 15
157 539 15
157 275 15
157 612 15
157 205 15
157 570 15
157 436 15
157 161 15
157 287 15
157 416 15
157 387 15
157 479 15
157 164 15
157 617 15
157 176 15
157 618 15
157 578 15
157 444 15
157 156 15
157 448 15
157 206 15
157 450 15
157 626 15
157 315 15
157 217 15
157 251 15
157 370 15
157 588 15
157 372 15
157 334 15
157 598 15
157 374 15
157 181 15
157 220 15
157 373 15
157 221 15
157 222 15
157 482 15
157 268 15
157 380 15
157 425 15
157 341 15
157 596 15
157 325 15
157 344 15
157 388 15
159 608 15
160 242 15
160 625 15
161 330 15
161 608 15
162 303 15
163 303 15
164 330 15
164 608 15
166 633 15
166 56 15
167 635 15
168 635 15
169 482 15
169 275 15
169 200 15
169 280 15
169 320 15
169 436 15
169 636 15
169 387 15
169 524 15
169 319 15
169 615 15
169 618 15
169 170 15
169 189 15
169 638 15
169 414 15
169 539 15
169 180 15
169 459 15
169 305 15
169 380 15
169 226 15
169 552 15
170 186 15
171 635 15
172 487 15
172 233 15
172 297 15
172 564 15
172 313 15
172 406 15
172 238 15
172 563 15
172 604 15
172 355 15
172 285 15
172 572 15
172 614 15
172 439 15
172 526 15
172 616 15
172 98 15
172 417 15
172 361 15
172 294 15
172 497 15
172 142 15
172 335 15
172 322 15
172 292 15
172 418 15
172 499 15
172 207 15
172 424 15
173 303 15
175 310 15
175 345 15
177 635 15
178 492 15
179 345 15
179 492 15
179 310 15
180 633 15
180 56 15
180 186 15
181 330 15
182 513 15
185 310 15
185 345 15
186 482 15
186 275 15
186 200 15
186 280 15
186 320 15
186 436 15
186 636 15
186 387 15
186 524 15
186 319 15
186 615 15
186 618 15
186 189 15
186 638 15
186 414 15
186 539 15
186 459 15
186 305 15
186 380 15
186 226 15
186 552 15
187 310 15
187 345 15
188 608 15
190 633 15
190 245 15
190 56 15
190 513 15
191 608 15
136 513 15
194 330 15
195 330 15
195 608 15
195 513 15
197 635 15
199 513 15
200 310 15
200 345 15
205 330 15
205 608 15
201 633 15
201 56 15
202 303 15
203 330 15
204 310 15
204 345 15
206 330 15
206 608 15
208 245 15
208 633 15
208 56 15
208 242 15
208 625 15
209 245 15
209 633 15
209 56 15
209 513 15
209 608 15
408 635 15
213 345 15
213 492 15
213 310 15
214 513 15
217 330 15
217 608 15
218 513 15
219 310 15
219 345 15
220 330 15
221 330 15
221 276 15
221 608 15
221 438 15
222 330 15
222 608 15
222 513 15
223 345 15
223 492 15
223 310 15
224 310 15
224 345 15
226 245 15
227 310 15
227 345 15
227 513 15
229 633 15
229 56 15
230 345 15
230 492 15
230 310 15
148 625 15
148 513 15
148 245 15
148 242 15
232 635 15
235 303 15
236 330 15
236 608 15
237 492 15
239 303 15
239 438 15
239 276 15
240 438 15
240 276 15
241 330 15
241 608 15
242 473 15
242 556 15
242 599 15
242 259 15
242 278 15
242 433 15
242 481 15
242 568 15
242 286 15
242 291 15
242 575 15
242 531 15
242 515 15
242 409 15
242 627 15
242 260 15
242 155 15
242 262 15
242 411 15
242 571 15
242 464 15
242 547 15
242 592 15
242 385 15
242 554 15
243 303 15
574 492 15
245 390 15
245 392 15
245 278 15
245 291 15
245 42 15
245 353 15
245 293 15
245 324 15
245 286 15
245 289 15
245 490 15
245 176 15
245 531 15
245 445 15
245 257 15
245 627 15
245 536 15
245 155 15
245 262 15
245 458 15
245 338 15
245 547 15
245 469 15
245 344 15
245 510 15
245 554 15
247 345 15
247 492 15
247 310 15
251 330 15
253 345 15
253 492 15
253 310 15
256 310 15
256 345 15
257 633 15
257 56 15
460 310 15
460 345 15
376 492 15
260 625 15
261 276 15
261 438 15
262 625 15
263 349 15
264 492 15
265 303 15
267 635 15
268 492 15
268 330 15
268 310 15
268 345 15
346 635 15
346 276 15
346 438 15
462 635 15
272 492 15
274 310 15
274 345 15
275 633 15
275 56 15
275 330 15
276 426 15
276 428 15
276 514 15
276 215 15
276 259 15
276 156 15
276 607 15
276 402 15
276 523 15
276 397 15
276 479 15
276 579 15
276 449 15
276 369 15
276 300 15
276 538 15
276 540 15
276 535 15
276 347 15
276 503 15
276 634 15
276 425 15
276 383 15
276 468 15
276 544 15
277 513 15
621 303 15
278 625 15
467 330 15
280 310 15
280 345 15
282 296 15
581 513 15
286 625 15
287 633 15
287 56 15
287 513 15
287 330 15
287 608 15
288 303 15
290 513 15
291 625 15
291 56 15
291 513 15
291 633 15
354 492 15
295 330 15
295 608 15
296 331 15
296 517 15
296 386 15
298 631 15
300 438 15
301 513 15
302 345 15
302 310 15
303 476 15
303 426 15
303 622 15
303 514 15
303 395 15
303 314 15
303 607 15
303 421 15
303 434 15
303 523 15
303 573 15
303 559 15
303 562 15
303 491 15
303 364 15
303 446 15
303 449 15
303 582 15
303 496 15
303 498 15
303 368 15
303 588 15
303 540 15
303 503 15
303 542 15
303 591 15
303 306 15
303 472 15
631 389 15
631 328 15
351 513 15
310 407 15
310 427 15
310 597 15
310 348 15
310 561 15
310 466 15
310 31 15
310 393 15
310 403 15
310 362 15
310 518 15
310 530 15
310 551 15
310 452 15
310 585 15
310 587 15
310 378 15
310 471 15
312 330 15
315 330 15
20 633 15
20 56 15
317 513 15
31 330 15
31 635 15
31 345 15
234 513 15
46 384 15
589 492 15
323 513 15
324 513 15
325 330 15
325 608 15
326 608 15
327 633 15
327 56 15
329 492 15
330 365 15
330 399 15
330 215 15
330 501 15
330 342 15
330 519 15
330 539 15
330 429 15
330 612 15
330 570 15
330 436 15
330 387 15
330 479 15
330 617 15
330 176 15
330 618 15
330 578 15
330 444 15
330 156 15
330 448 15
330 450 15
330 626 15
330 596 15
330 370 15
330 416 15
330 372 15
330 334 15
330 588 15
330 374 15
330 373 15
330 482 15
330 380 15
330 425 15
330 341 15
330 598 15
330 344 15
330 388 15
155 625 15
334 608 15
216 633 15
216 56 15
338 633 15
338 56 15
340 492 15
342 608 15
344 633 15
344 56 15
344 513 15
344 608 15
345 407 15
345 427 15
345 597 15
345 348 15
345 561 15
345 466 15
345 393 15
345 403 15
345 362 15
345 518 15
345 530 15
345 551 15
345 452 15
345 585 15
345 587 15
345 378 15
345 471 15
347 438 15
349 483 15
259 625 15
259 56 15
259 513 15
259 635 15
259 438 15
259 633 15
352 608 15
353 633 15
353 56 15
353 513 15
520 492 15
293 633 15
293 56 15
293 513 15
594 633 15
594 56 15
362 492 15
363 513 15
366 635 15
367 513 15
369 438 15
370 608 15
374 608 15
411 625 15
379 608 15
382 258 15
383 438 15
384 396 15
385 625 15
388 633 15
388 56 15
388 513 15
390 633 15
390 56 15
390 513 15
391 608 15
489 513 15
397 438 15
398 513 15
401 635 15
402 438 15
543 258 15
405 635 15
407 492 15
599 625 15
627 625 15
415 633 15
415 56 15
416 608 15
420 493 15
55 513 15
423 492 15
425 438 15
426 438 15
428 438 15
429 633 15
429 56 15
430 635 15
432 633 15
432 56 15
432 513 15
433 625 15
438 538 15
438 514 15
438 215 15
438 156 15
438 607 15
438 523 15
438 479 15
438 579 15
438 449 15
438 540 15
438 535 15
438 503 15
438 634 15
438 468 15
438 544 15
443 513 15
450 608 15
451 492 15
456 635 15
457 492 15
258 258 15
266 635 15
266 492 15
463 492 15
464 625 15
466 492 15
470 513 15
473 625 15
474 635 15
474 608 15
477 492 15
478 639 15
479 608 15
480 513 15
481 625 15
482 633 15
482 56 15
486 513 15
488 635 15
488 608 15
490 633 15
490 56 15
490 513 15
409 625 15
492 606 15
492 512 15
492 605 15
492 601 15
492 577 15
492 619 15
492 533 15
492 254 15
492 585 15
492 586 15
492 557 15
492 107 15
492 504 15
492 545 15
492 537 15
494 513 15
495 513 15
444 635 15
501 608 15
502 633 15
502 56 15
507 513 15
508 513 15
603 513 15
513 580 15
513 609 15
513 611 15
513 598 15
513 636 15
513 244 15
513 527 15
513 529 15
513 532 15
513 549 15
513 521 15
513 576 15
513 541 15
513 606 15
513 129 15
513 595 15
513 593 15
513 525 15
56 636 15
56 536 15
56 630 15
56 547 15
56 618 15
56 356 15
56 554 15
636 633 15
531 625 15
536 633 15
546 608 15
547 625 15
547 633 15
553 608 15
554 625 15
554 633 15
556 625 15
558 635 15
630 633 15
566 608 15
568 625 15
571 625 15
575 625 15
584 635 15
590 608 15
592 625 15
356 633 15
215 635 15
215 608 15
600 635 15
608 515 15
608 612 15
608 588 15
618 633 15
618 635 15
620 635 15
515 625 15
623 635 15
0 204 16
1 357 16
2 152 16
3 81 16
3 48 16
3 7 16
3 99 16
3 76 16
3 351 16
3 5 16
3 281 16
3 280 16
3 135 16
3 61 16
3 394 16
4 161 16
5 312 16
5 180 16
5 185 16
5 369 16
5 89 16
5 196 16
5 76 16
5 27 16
5 219 16
5 283 16
5 214 16
5 228 16
6 249 16
7 312 16
7 180 16
7 185 16
7 369 16
7 89 16
7 196 16
7 76 16
7 27 16
7 219 16
7 283 16
7 214 16
7 228 16
194 204 16
9 161 16
10 302 16
10 389 16
11 204 16
12 204 16
13 161 16
14 161 16
15 161 16
16 361 16
197 204 16
18 161 16
19 152 16
20 152 16
21 161 16
126 387 16
24 161 16
25 204 16
25 161 16
198 204 16
27 81 16
27 48 16
27 99 16
27 76 16
27 351 16
27 281 16
27 280 16
27 135 16
27 61 16
27 394 16
28 204 16
28 161 16
29 204 16
30 152 16
31 152 16
32 204 16
32 161 16
33 204 16
34 161 16
75 204 16
36 204 16
37 161 16
38 161 16
39 152 16
40 161 16
41 47 16
42 161 16
43 387 16
44 161 16
45 204 16
46 161 16
48 312 16
48 180 16
48 89 16
48 369 16
48 76 16
48 185 16
48 196 16
48 219 16
48 283 16
48 214 16
48 228 16
49 161 16
50 152 16
51 161 16
52 161 16
53 161 16
54 204 16
54 161 16
55 152 16
56 204 16
57 346 16
58 173 16
58 355 16
59 204 16
60 152 16
61 312 16
61 180 16
61 89 16
61 369 16
61 76 16
61 185 16
61 196 16
61 219 16
61 283 16
61 214 16
61 228 16
62 204 16
63 161 16
64 204 16
65 204 16
65 161 16
66 161 16
67 161 16
68 152 16
69 161 16
70 152 16
71 161 16
72 161 16
73 152 16
74 204 16
35 161 16
76 81 16
76 89 16
76 196 16
76 351 16
76 219 16
76 76 16
76 135 16
76 180 16
76 281 16
76 283 16
76 228 16
76 312 16
76 99 16
76 369 16
76 185 16
76 280 16
76 214 16
76 394 16
77 152 16
78 161 16
79 23 16
79 222 16
342 152 16
81 312 16
81 180 16
81 89 16
81 369 16
81 185 16
81 196 16
81 219 16
81 283 16
81 214 16
81 228 16
82 276 16
82 345 16
83 204 16
84 161 16
343 152 16
86 152 16
87 302 16
87 389 16
88 266 16
89 99 16
89 351 16
89 281 16
89 280 16
89 135 16
89 394 16
90 152 16
91 204 16
92 292 16
92 227 16
93 152 16
93 161 16
94 204 16
95 152 16
145 162 16
145 155 16
97 161 16
98 204 16
267 204 16
99 312 16
99 180 16
99 369 16
99 185 16
99 196 16
99 219 16
99 283 16
99 214 16
99 228 16
100 161 16
101 357 16
102 204 16
103 152 16
104 204 16
105 258 16
105 314 16
106 152 16
107 161 16
108 306 16
109 161 16
110 239 16
110 381 16
111 161 16
112 161 16
113 161 16
114 152 16
115 152 16
116 357 16
117 152 16
118 152 16
119 302 16
119 389 16
120 204 16
121 161 16
122 387 16
123 152 16
124 161 16
125 161 16
127 204 16
128 204 16
129 161 16
130 152 16
131 161 16
132 152 16
132 161 16
133 152 16
213 204 16
135 312 16
135 180 16
135 369 16
135 185 16
135 196 16
135 219 16
135 283 16
135 214 16
135 228 16
136 204 16
137 152 16
138 357 16
356 204 16
140 162 16
140 155 16
142 204 16
143 152 16
144 204 16
96 152 16
146 204 16
147 204 16
148 204 16
149 204 16
150 204 16
151 152 16
152 192 16
152 195 16
152 291 16
152 296 16
152 193 16
152 299 16
152 300 16
152 310 16
152 208 16
152 209 16
152 210 16
152 275 16
152 317 16
152 215 16
152 320 16
152 322 16
152 217 16
152 324 16
152 220 16
152 328 16
152 223 16
152 225 16
152 230 16
152 340 16
152 341 16
152 226 16
152 232 16
152 233 16
152 234 16
152 348 16
152 350 16
152 238 16
152 240 16
152 242 16
152 352 16
152 245 16
152 248 16
152 360 16
152 158 16
152 363 16
152 364 16
152 365 16
152 367 16
152 165 16
152 167 16
152 168 16
152 264 16
152 380 16
152 269 16
152 270 16
152 176 16
152 271 16
152 274 16
152 277 16
152 279 16
152 255 16
152 141 16
152 284 16
152 175 16
152 184 16
152 390 16
152 285 16
152 286 16
152 190 16
153 204 16
154 204 16
155 221 16
155 257 16
156 161 16
157 161 16
172 204 16
159 387 16
160 204 16
161 191 16
161 8 16
161 26 16
161 295 16
161 298 16
161 244 16
161 202 16
161 273 16
161 307 16
161 293 16
161 256 16
161 311 16
161 334 16
161 134 16
161 325 16
161 174 16
161 326 16
161 327 16
161 329 16
161 331 16
161 332 16
161 333 16
161 224 16
161 336 16
161 337 16
161 226 16
161 80 16
161 231 16
161 236 16
161 349 16
161 241 16
161 243 16
161 246 16
161 344 16
161 321 16
161 358 16
161 251 16
161 252 16
161 359 16
161 254 16
161 368 16
161 203 16
161 370 16
161 372 16
161 373 16
161 169 16
161 170 16
161 374 16
161 376 16
161 377 16
161 379 16
161 272 16
161 383 16
161 384 16
161 250 16
161 178 16
161 385 16
161 181 16
161 182 16
161 207 16
161 391 16
161 188 16
162 221 16
162 257 16
163 204 16
164 204 16
166 204 16
171 357 16
173 355 16
179 302 16
179 389 16
180 351 16
180 281 16
180 280 16
180 394 16
181 204 16
185 351 16
185 281 16
185 280 16
185 394 16
186 204 16
187 204 16
189 204 16
190 204 16
196 351 16
196 281 16
196 280 16
196 394 16
17 387 16
199 204 16
200 204 16
201 204 16
204 294 16
204 299 16
204 301 16
204 303 16
204 305 16
204 205 16
204 206 16
204 308 16
204 309 16
204 211 16
204 313 16
204 318 16
204 216 16
204 212 16
204 230 16
204 229 16
204 85 16
204 347 16
204 235 16
204 350 16
204 259 16
204 240 16
204 353 16
204 354 16
204 139 16
204 183 16
204 251 16
204 252 16
204 366 16
204 371 16
204 375 16
204 260 16
204 261 16
204 262 16
204 263 16
204 237 16
204 330 16
204 382 16
204 234 16
204 384 16
204 177 16
204 265 16
204 386 16
204 285 16
204 290 16
204 393 16
214 351 16
214 281 16
214 280 16
214 394 16
218 387 16
219 351 16
219 281 16
219 280 16
219 394 16
227 268 16
228 351 16
228 281 16
228 280 16
228 394 16
239 381 16
247 297 16
253 346 16
266 362 16
268 292 16
278 346 16
280 312 16
280 369 16
280 283 16
281 312 16
281 369 16
281 283 16
282 289 16
282 388 16
283 351 16
283 394 16
287 302 16
287 389 16
288 387 16
302 304 16
302 392 16
302 338 16
304 389 16
306 339 16
312 351 16
312 394 16
315 387 16
316 355 16
319 357 16
323 357 16
357 378 16
357 22 16
335 346 16
338 389 16
351 369 16
369 394 16
381 381 16
387 387 16
389 392 16
0 46 17
1 74 17
2 74 17
3 74 17
5 74 17
6 27 17
7 60 17
7 29 17
8 84 17
8 98 17
69 82 17
69 75 17
10 74 17
11 74 17
12 68 17
12 31 17
13 103 17
13 15 17
14 74 17
15 90 17
15 35 17
15 28 17
15 48 17
15 99 17
15 16 17
16 103 17
17 74 17
18 74 17
19 68 17
19 101 17
20 74 17
21 74 17
22 57 17
23 84 17
23 98 17
24 74 17
25 88 17
26 74 17
28 103 17
30 74 17
31 101 17
31 83 17
32 74 17
33 74 17
34 74 17
35 103 17
36 74 17
37 57 17
38 78 17
38 92 17
39 74 17
40 74 17
41 74 17
42 84 17
42 98 17
43 50 17
44 82 17
44 75 17
45 74 17
46 61 17
47 74 17
48 103 17
49 52 17
50 85 17
51 88 17
52 97 17
53 76 17
53 59 17
54 74 17
55 74 17
56 74 17
58 65 17
59 80 17
59 62 17
59 94 17
59 77 17
62 76 17
63 84 17
63 98 17
64 70 17
64 96 17
65 65 17
66 74 17
67 91 17
68 101 17
68 71 17
68 83 17
9 74 17
70 93 17
71 101 17
72 74 17
73 74 17
74 79 17
74 95 17
74 89 17
74 104 17
74 4 17
74 100 17
74 102 17
74 105 17
75 81 17
76 80 17
76 94 17
76 77 17
78 86 17
81 82 17
84 88 17
86 92 17
87 88 17
88 98 17
90 103 17
93 96 17
99 103 17