6347	6461	7142	13513	11406	3356	12250	701	13409	1239	11899	3561	10263	14079	10950	11133	13654	11070	13721	5086	14066	10492	13416	14431	10510	11020	11325	10573	14171	13328	4943	13354	11942	14293	10710	2044	13467	6144	14229	13573	7097	7752	14517	13893	12253	10749	13749	7949	11553	7829	12137	11543	13493	11206	10267	7869	11215	10621	6109	7737	10811	10985	8180	11251	11282	13818	14415	12029	6576	6428	7431	7439	10557	13396	5656	14140	11586	14523	10538	13775	10689	4239	7104	8149	6571	7742	6463	11539	
5650	3356	701	5696	1239	2914	1	293	2828	6137	13818	11637	12284	10323	11470	10260	10345	6510	11406	4167	4997	4367	10587	11274	14125	13563	12165	6188	10787	10594	6114	11292	11639	3588	6540	14440	5746	13409	
3786	4670	9702	9524	5051	7561	3356	6453	9645	9491	2914	9526	9705	9629	9647	9487	9756	9692	3748	9773	9640	9704	9690	9695	3813	9691	9694	9522	9646	9767	9493	9579	9759	4660	9644	9277	9772	9525	9529	9521	9683	9569	9456	9765	7620	4663	1237	9634	7564	9528	9693	293	9273	9709	9532	209	2828	9276	4668	9696	9575	9527	9574	9573	9490	9530	4791	9685	9770	9699	7562	4745	9701	6068	7558	9689	9688	9703	9638	6461	10797	
7474	7542	4740	701	6453	7721	7567	4744	2764	3561	9543	7570	9278	9426	4634	9268	9298	9438	9295	9518	7476	9408	9547	4738	4797	4742	9412	9624	4860	7585	7486	9279	9553	9280	7573	7574	9509	9382	9623	4794	9668	9477	9480	7571	7603	9661	7475	9723	4804	9550	9261	9285	9384	9482	9447	9555	9564	9484	9313	9342	9460	7572	7569	7632	9443	5727	7477	3409	
3216	6453	2854	8342	8359	2766	5551	2578	8382	8371	12397	8711	8904	6819	8594	8901	12538	8580	8570	9107	3312	8345	5459	5558	
4637	9658	4631	4645	9269	9742	9590	7499	9474	9425	7479	72	7642	3491	701	1239	3561	151	4627	2828	4760	4655	7565	4641	4774	7577	4610	8443	9504	7483	7484	5085	9420	9666	2706	4748	7646	7589	9581	9584	4644	4611	4656	9729	9653	4614	7695	9440	7578	2772	4623	9444	2008	4759	9410	
721	145	745	3561	5972	1591	400	10886	7081	10755	2552	29	102	11131	104	11078	385	1461	5295	9	11422	1455	5927	1727	1503	5264	422	255	1527	1598	1460	1498	1477	1451	1491	1874	395	3146	174	1505	1462	638	1507	1317	5954	1475	767	5974	1590	5961	1459	1504	497	467	1452	1471	523	424	5181	1485	3475	6000	5109	1458	999	1476	1904	765	1533	1531	1492	2046	440	1488	5180	4123	1499	412	5962	1464	1480	219	1914	222	1489	1521	1494	1482	1466	1959	637	398	1472	272	139	1474	11872	7377	11745	12118	210	3999	18	4130	568	194	5739	6192	26	
701	7018	1	3561	1239	2914	2828	8070	293	2548	1746	174	6461	2685	4565	3491	3549	5779	6172	4513	6467	3932	4200	5646	10910	4694	10911	7922	6453	3502	5000	14168	3407	2551	286	715	6316	3257	4969	7157	6553	4006	6372	11889	3462	5727	1280	8143	11246	10337	11616	10648	3680	13513	5761	2274	9010	2532	10838	7837	11377	2647	7014	8022	1755	6745	577	12497	12268	6755	13883	8071	9154	
2200	1305	8933	5511	781	2477	1716	1723	2418	2457	1720	1725	1942	1938	1721	2259	1300	2060	2236	1719	1939	1937	1940	2222	789	1935	1304	776	1936	2237	2478	1717	1713	
1653	702	2603	5378	6813	2839	3220	7148	8973	5601	2834	12384	9088	2831	2842	2841	2837	2846	2836	8748	2838	2833	2843	6747	
3300	6762	701	8245	3305	5378	702	3329	8673	1755	1273	2828	8225	6842	6758	7018	5409	2497	6904	8327	5532	6705	8397	7642	5505	8196	12338	12457	5403	3333	3549	72	5595	8938	6847	1200	8820	3352	5539	5623	1889	6805	8737	3330	12667	9008	9083	6799	12298	6772	12602	12454	3304	12401	6764	6829	9128	2686	12560	5620	5594	5417	1299	6823	6754	8496	8761	12797	8731	2007	8933	1220	5577	8472	
5408	6799	9010	8933	8762	2546	8617	9069	6867	3268	8643	8700	8248	5489	8991	8278	8530	5470	6744	8522	3323	8618	8253	12402	12364	8581	3260	
2041	2828	7018	6453	3561	701	6540	1239	2914	1	293	2497	10323	286	6660	10289	7044	10589	10475	8149	10263	3110	6472	7742	11209	11668	7208	13580	7436	
8342	2118	3316	8615	1299	12396	8675	8241	9068	8592	8691	12327	8997	6453	6880	6868	8920	8846	5551	12627	8334	702	6807	8580	8753	2578	8409	8371	12499	8749	3253	3235	8568	12685	8744	12452	6863	8790	12668	8249	8732	6903	9110	8752	12332	5553	8557	6828	8629	12683	6800	3561	8382	8263	8828	6854	12705	8504	12451	6856	8395	12730	8370	8470	3389	8988	3312	6690	8480	5592	8856	12768	8449	5495	8291	5563	8359	8810	8825	6673	5386	12380	8350	6767	8345	5573	
3356	4006	2828	2914	209	5696	293	286	3951	2497	3561	4200	1239	7018	1	10811	2548	1740	11345	12210	6467	5673	14313	5671	7922	13410	5000	4969	13759	10759	14281	14387	13513	237	6317	5779	9057	6517	701	8228	8220	8010	12213	5740	11194	8059	2752	11766	762	11386	10753	12006	11024	
4230	4005	11156	11921	11801	7414	1239	12135	10906	3561	6453	701	12140	14204	13761	11180	10733	14026	10417	11993	10704	8141	11896	11431	13914	11390	10875	7162	11802	13874	10454	10938	6125	11419	10954	10429	11284	11800	11271	7738	10495	13320	12136	10362	10670	8167	10881	6543	10688	11706	7063	7365	2027	11415	7137	7727	6458	8668	
816	3602	6327	6463	7271	7456	7788	7398	12021	815	7794	6401	701	3812	6453	4939	12188	5688	5765	7036	13418	10388	13657	14472	684	13319	7992	14116	13705	7443	4509	11647	13773	6539	818	11679	11453	4143	6638	11119	14078	7361	10520	10856	3672	6241	12226	11814	11084	13911	11103	6407	10400	7366	7307	10329	7781	14193	813	11085	6183	7861	5755	5690	11969	3766	6997	7826	10808	1239	13768	
1221	4763	4768	4740	2828	7496	4807	2823	4736	9543	9398	7607	6831	9731	9727	2764	9325	7175	7567	9429	2914	9717	4744	9278	7580	9547	4634	9300	4739	9288	3561	4752	7718	9328	9332	7716	9267	151	9748	9462	9720	7486	4742	9721	9746	9518	9302	9481	9424	9460	7556	4797	9261	9517	7611	9540	9463	7644	7566	7475	9495	9650	9750	4860	9436	9443	9555	9544	9431	9716	9303	9432	9433	9511	7714	5727	9338	6453	9470	9559	9736	7586	
3215	6675	5410	12733	8799	12642	8297	8072	4000	5511	12412	12826	8839	8399	8891	8362	8948	1717	9210	8312	6553	12366	12303	12523	8677	12395	12601	9098	12600	8494	8255	12864	8723	8874	8784	3305	9057	12409	12696	6758	12372	9130	
3259	5594	8999	9036	6804	8964	8836	3305	702	12409	12642	3917	12629	12528	12771	6215	12412	12826	8839	12398	8723	12366	12864	12645	8780	12395	12601	5436	8799	12662	12863	10806	12566	12744	9180	9210	1301	8983	8677	12523	6904	6760	6894	8784	
2516	2497	4716	2521	4732	7679	4702	7500	7518	2518	7514	7522	4777	4681	2519	9362	4673	4678	4704	4675	4693	2554	4725	7689	2513	2527	9368	9376	2915	2500	9369	9370	4714	4719	7503	2514	3561	286	7516	7501	1239	151	701	2914	6894	4703	2828	8920	7667	10362	4709	7527	4685	4724	7678	4758	9352	9497	8375	7479	7306	4695	7686	7511	7512	
2856	1849	5400	5378	6870	9057	6821	4513	9090	8718	8068	4983	8250	6656	5459	3561	5413	8743	1239	1	701	8681	2548	5631	8689	6871	8435	8635	8982	5379	8830	8613	9172	
297	1800	293	286	3561	1239	668	1	2914	209	568	3549	2497	701	237	5696	11095	7018	3491	2828	2548	2551	4511	3597	7939	5511	32774	1103	1254	270	1879	2685	41	1263	1749	1843	3336	127	2027	288	24	1881	6356	5745	7202	
1740	226	6553	1	1239	2828	701	293	209	4310	3549	11078	7018	2685	5413	6172	5727	715	10648	286	3588	2497	10995	3680	127	5000	1800	8022	7657	2914	12147	7377	14359	700	10868	11075	4265	4263	13540	11282	4179	11187	10743	11675	11687	10666	10689	7760	11596	2715	11980	10583	14275	9264	11683	11985	11127	3762	7856	13738	6453	5655	10348	11559	4554	6362	13777	6508	13423	10596	11422	
3302	1267	8297	5510	12474	8911	12465	8583	8968	3209	5396	8815	8783	8827	5378	286	5493	12319	8224	8265	12839	8660	6737	12309	8626	8922	8858	8855	5395	8441	9093	12779	6840	9209	12434	12363	9037	12445	12637	12515	12514	12505	12650	8329	2594	8722	12710	12468	8564	
1270	5430	3257	5409	8939	9072	8472	8859	12466	12664	12288	8373	12731	12355	8735	9007	8602	1755	5621	9099	5459	12611	12655	12612	8794	12447	8520	12581	8560	12459	6805	1889	12678	9073	12343	9182	8879	12371	12458	12510	9066	12531	12555	12676	12292	553	8925	12291	8852	12796	8892	8864	8360	12638	12625	12506	9175	12653	12331	9164	12610	8875	12503	3209	9067	8950	12647	1849	702	8351	12316	5378	8648	5400	12860	
3333	8918	1890	1136	1103	5413	8251	8954	5496	8582	9013	5399	9057	1888	1104	1755	8483	3265	8737	5418	1200	8309	12308	9150	286	6905	5615	8215	701	5419	9030	8232	6728	5506	9065	8935	3257	12854	6830	8608	8648	2611	12450	8391	8072	12392	8375	9161	8227	12520	12694	8975	8588	12518	12352	12666	8925	8297	5400	9197	8638	12678	2043	5571	513	9145	8327	8477	6893	1137	8209	3917	6774	5590	12488	8853	8977	6675	8553	1	8873	4513	8616	6842	8220	8651	5417	9143	702	5459	
6082	701	8125	1239	7018	2914	2828	13775	12101	3394	14243	7181	
1853	1901	1776	8692	760	8933	1755	1205	8670	1114	1113	1117	1120	2036	1119	679	6720	8380	9023	8940	2494	12614	6883	12411	8971	8387	286	
2764	7586	7657	7543	4805	7652	7489	7579	7583	7591	4802	7647	7704	9298	7648	4797	4739	7602	7716	3409	7584	4634	7598	2823	9429	5673	7492	9284	7628	9262	9421	9265	7555	7631	7703	9585	9282	7637	7600	7701	9496	9476	9332	7580	9720	9268	9328	9717	9300	4736	7175	4740	7567	4744	4752	9500	9314	9428	9427	9387	9787	9664	9507	7721	9672	9465	9501	7604	9396	9288	9333	9267	7605	9398	7607	7477	9266	9543	9324	
4766	3608	9270	7563	7623	9494	3825	9316	7622	1237	1781	9645	1239	7018	9273	7620	4790	4660	9456	9705	9532	9522	5051	3748	9525	9644	7564	9529	3813	7559	7561	7627	9493	9686	9489	9568	9684	9323	7621	7624	9452	9492	9458	9526	9637	9760	9275	7626	9631	4749	9708	3784	4663	9454	9271	9572	9322	9698	9321	9488	9639	9317	9711	6461	3967	6453	
10530	8851	2027	5459	10476	9735	11377	7473	6461	5378	701	14202	13856	10417	12143	10697	13999	8509	12687	4995	9558	8301	5710	9730	7701	11835	9127	9057	7927	12798	11562	9734	
702	5378	1759	3336	5590	5556	5589	8404	5512	6730	8650	3333	1755	5400	1299	12497	2871	2917	5493	4000	3328	3917	1103	1200	1890	6847	8703	8833	9092	8243	8801	8883	8640	6813	701	8974	8747	5418	1257	8807	5434	8845	3265	8733	12834	8952	6848	8399	12688	2822	6696	9035	8441	8221	6595	8301	5535	8299	5463	8224	8729	12553	2047	5622	9143	1267	286	1849	12797	6747	5430	7148	5377	1270	
3967	293	3257	1852	3561	11422	2828	2914	2497	7018	701	1	131	6106	299	1239	127	7014	13721	11133	11251	12008	12137	7829	11803	11886	12125	11864	13912	13362	6905	10811	7104	4596	6508	377	8763	8001	9170	14245	3428	6565	8862	8553	8792	8649	12470	6354	11697	12422	3426	4259	68	13910	5088	2131	2640	3380	188	6416	11216	6406	291	10784	10703	8823	14246	11695	7280	7750	5409	12450	8575	12512	3506	
6461	4969	7515	715	7783	2914	7252	701	2497	5000	4657	4645	10245	9718	5687	11747	1239	293	7586	5669	3491	11697	1755	5696	8046	12008	7811	10811	5378	5595	13446	11545	6936	7735	7784	7961	4654	11414	13861	7581	8121	9191	4352	10993	752	9671	12635	3734	7390	13867	3925	7637	7468	10538	7482	10627	7671	4778	5459	6260	5673	2514	4432	8818	11044	9448	14100	6434	4560	9716	4743	13442	12109	4780	7216	4982	7441	9515	12070	8001	13495	2828	11551	3462	5641	
6664	3269	8968	5394	12340	8816	12551	12373	8884	6840	12575	5382	9034	9035	5378	12468	8072	12474	8463	12309	9209	6882	8978	12428	8626	9037	12710	12445	8855	5609	2593	12505	12363	5395	5397	12489	8783	12498	12779	12650	6762	6718	8754	8293	12481	9137	8822	5493	8980	4000	9076	3242	
6660	4565	293	2828	3491	3932	7922	701	3407	2914	174	6621	7018	6461	5646	5413	2551	2548	8001	2917	5696	5378	2516	3967	6402	6467	5000	8647	8924	5072	11069	13394	8202	7586	286	5459	8918	6779	6453	13631	11899	7657	6317	12255	11222	7045	10701	3344	12250	10935	11371	34	13385	7750	4378	237	3718	10441	9057	3356	
1309	1717	2062	1708	2269	777	1303	1301	775	12398	1307	2472	2470	
5459	5413	1849	5378	5409	5519	8297	5571	8743	3333	8220	1273	5496	6745	5551	6805	9057	1299	8680	1290	2914	8902	5669	2110	3344	5611	4000	6553	286	2828	12576	8942	786	8946	293	12854	8582	4513	702	12370	8784	6067	3561	5482	8681	9144	12390	8608	12692	12008	3083	12473	8209	5400	5430	5462	1239	1	
6503	278	11172	3632	6342	1292	3561	10436	10847	8007	11888	13999	3968	6553	701	7056	3484	12146	14178	7438	4493	11677	2549	7080	6957	7125	6590	7325	11519	10420	3548	8140	11087	3596	10560	10479	1840	7974	7184	14000	7018	
5646	11537	145	293	4557	7050	2381	4600	3112	1103	11422	38	693	20	3669	13504	2055	3756	1224	1706	513	237	11078	13394	5072	104	11069	5640	7610	4358	6392	10601	6214	10692	10730	3845	11054	10768	3365	5773	7263	797	7752	6576	11543	11044	10578	2900	3681	6360	11318	11024	6402	34	12	6316	14	13348	7276	10490	3685	8	4201	3794	6136	47	10579	302	11526	3581	6496	6368	11279	7326	12145	11401	2902	11975	13546	1201	7660	11689	6349	13709	3136	5700	10546	6366	2048	11050	159	13777	
7170	724	13	303	22	668	568	5872	5976	1727	5303	7018	2914	293	1239	5264	286	1	1455	1103	1456	374	175	1242	83	6360	8174	1453	5856	3520	149	132	5957	5058	252	1260	298	1655	84	592	1503	523	1485	635	1989	227	5958	1600	747	1637	619	1649	1985	1602	5855	213	5978	5881	2721	3916	
1273	6754	6705	5669	8379	8627	1755	8969	12628	8767	3344	12348	12579	9063	12541	5409	8875	12822	12407	8442	8477	8844	12732	9086	8941	9057	8793	12312	8397	8820	6659	286	12571	1800	8391	9145	12420	12722	5517	12313	10627	9211	6733	12544	12796	5521	12337	8309	12399	9132	2861	8422	12316	9073	8925	5579	12437	6553	8864	5605	9189	8669	8763	9196	9171	3333	12436	9138	12413	8539	9053	8827	6805	9067	12521	12485	12830	5600	
3303	6730	6719	9078	8408	9177	8281	5378	8845	9025	12620	12772	12307	12750	12511	12776	9108	9042	8843	6893	5622	9044	8404	3334	6553	702	1	8729	12333	6772	8802	8368	12649	12387	8667	8231	9096	8477	6756	8736	8237	8659	8437	6776	12429	12623	9092	8801	8883	8703	8833	8640	8243	5400	8255	8839	5398	5459	5385	12727	12639	12409	
11042	1241	8335	8212	3233	8509	6799	8388	8396	6461	3549	4200	5595	5396	9070	8456	8555	8429	8362	8466	8705	8197	8685	9064	9176	10906	8445	8534	2614	8415	3208	6778	6830	8876	9160	9102	7738	6822	6663	8884	8778	8293	701	3245	3561	9151	8963	8581	8573	8522	8618	8951	8313	8806	
2497	2551	2828	2914	4000	1	5000	4682	3561	286	4689	293	1239	1746	5669	7673	7521	3549	3932	4565	2527	6553	2518	2548	237	701	14387	13513	6199	13503	12227	10864	5571	11682	11263	6996	11374	7686	12268	7270	4735	10909	4700	7663	7677	
1673	3951	1326	1677	1330	1672	1325	1687	286	3561	1239	1695	2685	701	3424	1	1324	1323	1694	1332	1328	1321	1331	1329	1333	1322	1280	8115	13662	11149	11022	6102	7177	1697	1665	7865	1675	1657	1662	14308	11698	3725	2752	1674	
703	4703	4716	2497	7518	9366	9269	7540	9351	4711	9474	9354	9363	701	7683	6453	4677	7676	7650	3084	9660	4158	3363	4623	4740	9714	7589	4142	7646	4614	7578	9666	4641	9655	7468	9732	9513	9502	7722	9729	4627	4680	4735	7490	4720	9380	4696	9520	4695	
174	3976	1290	8355	286	8218	6122	2914	2828	10499	701	8013	1889	1755	2521	2554	10441	3403	4547	4472	5418	13921	13911	7056	6199	12265	13395	11511	6654	10337	13496	5378	9457	9487	9700	9531	9756	4790	7557	3608	9632	7559	9581	4961	3676	13883	12471	12349	8928	5631	8539	6772	8312	8651	2493	3083	11313	5511	9084	5611	12596	
3292	8650	5492	12546	12483	5624	1	6774	286	5413	5459	3333	9120	3561	6730	1239	5556	12633	3272	6834	8881	2109	12834	8989	8297	9167	1755	12461	8818	12676	9158	12320	
4694	2497	2514	7515	4725	4774	4713	7518	4691	4677	7674	10743	2510	2518	4197	9365	4688	7811	2519	4692	4723	173	7682	2512	9362	9369	4704	4678	7516	4673	7521	7673	2527	4732	11158	6453	7501	4720	9435	4686	3084	9359	4693	4711	7523	4684	4707	4710	8069	9293	8952	9299	4795	4708	9372	
4058	3462	4780	9505	4631	7535	4747	7541	7483	4662	7656	6461	151	7540	7482	9416	4783	7710	7538	4778	7533	7480	9468	9554	2706	7018	4764	9440	4773	4624	4849	7471	9502	4639	7484	7565	9409	7659	4748	2554	4658	9584	9504	9293	7499	9660	7651	9665	9655	4650	9680	9450	7534	9749	9785	4781	4782	9312	9674	9415	9283	7696	4801	4810	4142	9747	9675	7478	9552	9346	4647	7708	7649	2687	
3320	2685	513	8593	4000	2828	293	1239	2497	5679	209	2914	7018	6453	5610	3561	5459	5483	5673	3333	1849	12553	6700	6821	9175	9125	3745	12291	12665	12558	1889	9063	9115	12658	12510	13530	8303	9059	8638	9197	8072	6719	2687	12470	3350	5681	7288	1698	2688	3080	5680	5490	789	9536	702	14353	13408	
6509	852	6638	839	838	1239	6058	803	577	818	10764	293	1103	271	7861	376	8111	10482	11700	10965	65002	10972	12004	10786	701	3359	11257	6171	6327	13594	
2917	5511	2828	1899	293	2914	5378	5459	513	12669	8746	12765	9159	12318	8908	9057	4000	701	6727	12435	8784	5413	1755	3333	1889	12771	5436	8361	12645	9180	12744	8874	8494	9098	8274	8891	286	6752	2199	2471	174	6865	1239	5462	
137	9010	5446	3426	8933	5441	5444	5445	5457	3230	
8903	3352	5378	5409	8228	5400	12457	8761	6813	8297	9106	8968	9057	7018	9165	9075	9052	6669	12356	12321	8216	6659	8332	8650	3561	6705	6760	8784	8072	12334	8239	12688	9036	12492	8921	12540	3273	8310	5630	1665	8361	12303	12569	6901	6739	766	6752	12338	6804	8397	
7501	2497	2521	4513	2915	7670	7519	7668	7529	7502	7685	2510	9356	7525	7664	4728	4724	9374	9358	4680	7690	7672	4709	4695	2504	7662	9371	7524	2525	9353	7661	7523	7665	11559	12101	12220	7669	7513	13913	13985	14108	13411	12193	12110	14415	11082	2554	151	9350	7506	9352	4693	4675	
7303	6453	7908	4270	6762	1239	10834	7018	701	10481	4387	4967	2548	676	3561	11356	10452	10983	7803	10697	10318	11503	13591	3449	3597	
577	2767	7734	2652	4433	854	800	5690	855	7992	11260	6183	684	7122	12239	13616	11522	3672	6463	7781	11489	11453	803	11085	11084	12226	11666	8187	831	3848	271	6537	13441	11727	7445	12263	11257	7018	6241	11814	12021	10264	2548	1849	820	2651	2659	4740	9451	7637	9296	8111	10972	611	11998	11468	13365	11566	1239	10808	3561	7788	
10910	8196	5378	6847	3328	786	6774	8918	8001	5459	5409	6771	1	8553	6067	12378	8871	12657	12658	8647	5430	8859	8977	6453	8851	7169	12000	7455	11362	12157	7736	13821	11867	11442	14074	13566	11695	12213	8327	9053	8422	12371	9164	8879	12456	12614	12661	9169	8686	8401	8280	9191	8910	8942	13696	12006	7	5403	8332	8205	12473	11246	6675	3220	2548	6893	9167	8421	12519	
6912	2553	11095	701	3996	3506	
6172	286	1836	2110	1	13526	3407	6826	8404	14168	2548	13771	12265	12227	11434	13465	12051	10766	13692	13484	10746	9623	13389	11862	11385	13617	13520	14359	13493	293	9143	702	5696	6327	5673	3220	2047	2612	12387	6732	8802	12649	9022	12388	12415	9196	11296	2828	2914	3561	13610	1899	1889	1239	3615	10823	
1755	8938	8437	8992	8990	8333	3330	3248	8525	12605	5385	8413	8228	5403	5430	6804	5459	5427	517	6745	5409	6730	6774	8397	5607	1	5400	8246	5539	12762	8638	8843	12407	6848	9185	9119	12457	6905	8559	8307	8591	8445	9097	8321	8380	8294	286	3278	3336	1889	12571	5378	8379	5669	
2603	1257	1755	1741	1880	1759	1800	1877	5413	8348	224	1835	5574	1299	5378	8933	3255	8674	1887	293	6553	8873	12563	2120	5492	5459	544	1739	565	3343	3221	12630	1882	12352	8615	8755	3240	8368	2863	
5617	8501	5556	8246	1887	8664	8267	8890	8286	3561	12476	12618	12346	8970	12324	8326	8323	8965	8459	6778	12824	5616	12580	8374	5550	12423	9010	12330	12294	1248	8786	12659	5420	6714	8798	8633	8297	5400	
2854	3549	5415	11767	6453	8393	8888	12517	6662	12487	6877	12294	8299	8001	10759	11378	8920	5573	8594	6690	4000	8744	11899	12685	12705	8828	8440	8498	12790	8443	9198	8402	8331	8615	6856	10439	11206	6576	10557	6954	12119	13985	13771	13912	12220	11022	8192	11803	13724	10263	1325	11638	11783	11711	8382	7837	6745	6876	3326	8263	8349	8511	6316	5727	5430	6762	
209	10911	2860	701	7754	2548	3243	11864	14099	1	6394	8826	12603	210	10759	104	11069	11106	13475	4324	13465	6102	11296	10297	10267	194	13946	3575	11071	12036	11292	12147	11957	11594	714	13912	13362	11886	13724	1706	5673	8458	9118	5516	12527	10627	6510	12542	237	7837	12210	2685	
6453	701	8143	8359	3491	10627	8297	174	1239	209	577	7148	293	11889	6774	2516	1	1280	2685	5617	2914	2603	2907	9505	8056	5483	8470	3549	5568	14111	13686	8781	8668	2828	8220	6813	7568	1103	6771	104	5430	
5377	9154	9005	12549	6746	8194	2588	1299	2603	1755	5413	5479	6702	9016	8705	3261	8353	2614	9015	5556	8314	6700	8207	9152	8923	9205	8486	6668	9202	6453	8919	8688	9184	8953	
4200	6332	1335	11563	7018	1239	3905	1322	5754	7974	10838	278	14140	10985	7439	11394	4993	6392	7949	3830	11271	10684	10297	4324	7208	11933	10621	7344	12146	3810	7038	7399	4493	7120	3640	1831	6495	13999	11136	10560	10436	6342	10479	6434	7157	3605	5303	6435	8174	1263	6517	6360	5058	6467	
2686	3339	1680	6719	8738	8958	5409	1849	3333	1755	5459	8215	2685	8620	8544	12361	5435	8905	9041	8667	12635	8778	679	12595	701	6453	12818	12736	6875	9117	12441	702	12350	
2500	2907	2513	7660	10764	4730	2497	2506	1103	4717	293	2501	2520	2508	3510	9355	7667	2504	4796	7610	9367	2503	3488	4729	2522	7661	9270	2523	4767	7713	24	2498	7539	
9126	517	8220	8372	5539	8687	8569	12360	12374	12502	12404	8384	1849	12432	8208	8572	12312	5378	9057	12422	286	8912	6675	8360	12475	12544	12568	12584	12625	1841	12458	5517	9132	8763	6710	12480	8881	3745	12331	12337	12503	12521	3257	12433	12755	7363	12813	8397	8549	
5568	3267	2848	8623	5480	8510	5567	5558	5495	2118	8411	6671	3325	3316	3389	8663	8324	5433	3335	8684	8730	5468	5471	8336	3218	2875	12448	2895	3058	12416	9157	3343	6857	3351	5572	8915	2148	2683	
1913	568	1733	11890	1590	5839	2746	5256	1564	1589	6595	1569	1559	1556	1580	1984	2632	1562	7018	1239	5927	701	772	37	3520	
7176	2871	6728	3313	12394	5459	8622	3333	5378	12459	2647	9195	9057	5409	8209	8687	5535	1	9181	8953	12584	12506	1849	12374	9191	8280	12775	8419	12535	8647	8792	12489	12498	12835	12652	12719	12726	12871	
5676	5696	2548	3817	7829	6434	13990	2900	4358	10263	11126	4239	6571	12284	11208	1239	2685	4179	13763	13658	13396	7012	10501	11668	11687	13631	226	7742	11586	13503	10573	7657	3365	5773	11215	6109	14523	9000	10322	3956	7431	4211	13415	13475	11106	11115	6428	12115	4200	10483	237	11386	
6453	6401	2493	6327	6463	6690	11290	10264	2161	4470	7443	8297	13555	11478	10400	834	10329	104	13937	7878	8829	7445	5765	10482	8013	1103	6771	8584	7148	8668	7361	8220	4509	7377	
1275	8793	6805	3209	12308	8365	6878	3211	8450	9020	5520	12329	9215	8495	12292	293	553	1754	8638	12349	8956	8519	8756	9010	9057	8899	9018	1	12836	8387	9181	12420	12313	6733	6783	5409	5579	8820	8933	3257	
8584	6467	6888	3561	7018	11275	12495	12494	4148	1239	2914	1	701	4000	209	3549	9117	8885	8742	12660	12516	6768	9168	12036	12619	8203	8715	10475	10445	11672	4989	11444	10959	8947	8513	8320	8945	12537	8867	12400	8849	8894	3575	11944	12125	11274	12255	11914	13989	11307	10736	12215	
6505	11415	13353	6140	10906	7980	7365	13935	7298	10881	13835	4230	4000	11706	7063	6543	10688	7414	14204	6453	13761	14087	11835	11752	1239	12140	13357	14457	7195	10476	10531	13316	11751	7417	12135	
11331	5551	8795	6830	5561	5595	1755	8900	9058	12377	1239	3278	1889	8329	4000	9057	8335	12564	8927	12421	8940	8468	9198	9169	9184	8530	12814	12829	12856	8971	8733	12411	8512	5393	6784	9137	6757	8197	72	12530	8209	5378	12353	12370	8338	4005	
5607	11341	6763	5459	5597	3257	1849	3328	4589	1	6727	12513	8943	9212	8918	3344	2497	5462	8689	8757	12621	9179	6453	6659	12606	8330	12786	12554	8743	6717	701	12830	12519	
5483	3340	6685	8571	8448	8167	6668	2012	5561	4005	3561	5565	5513	8579	5596	9024	8696	8716	8536	5400	8499	8602	11497	11242	11432	
11919	5727	7629	4775	6461	6067	701	7473	9386	9442	4743	7018	2828	1	9448	7699	9789	4631	7713	4800	9441	4434	4855	7506	7696	9728	6905	9499	4793	9299	4774	9410	9472	2915	
3304	4000	2822	6852	8476	7927	5403	8986	12392	6696	9031	9166	5378	3257	286	5459	12488	6686	5400	5512	8332	6743	8296	8270	8201	5463	4805	6826	8280	8295	8598	8221	6719	5385	8056	12635	5589	6848	6779	8335	11562	7980	
1955	8933	9010	1930	2611	2602	1213	2107	766	786	8501	2907	513	6711	1103	3314	3219	2012	8512	3346	2547	8609	3251	5516	1275	5413	
6755	9121	8505	8685	9000	8429	8707	8706	8721	8710	8428	12735	6822	1239	5594	8876	6461	1967	9021	9102	8705	8927	12711	8386	12794	5459	5413	9095	8415	8378	8488	6453	3561	6904	3356	7018	1103	6771	12488	12417	12362	6729	5560	8554	12372	
11127	6886	3261	8708	9064	8591	9213	12672	6703	8930	8465	9005	9015	9016	12711	9087	6746	12369	12704	12681	12809	12691	12706	8693	12780	12723	6845	12842	12609	12310	5598	
4657	1324	4628	3758	7610	9292	7473	6453	7472	151	4596	9719	7634	1660	1698	2107	10519	2914	4774	9419	9434	9506	1697	3613	
2588	6747	12578	3336	8724	8605	6906	8206	6851	8624	12525	8274	6743	3238	6702	5551	12509	7138	12847	6453	12526	9091	719	2586	9058	12443	5518	3220	8343	6884	8194	
2578	8470	2820	8515	12622	8395	12550	8440	8752	8371	6788	8636	8482	3218	2895	8331	5537	3561	5523	12335	6694	8595	12679	8701	12314	12714	3575	
8961	6453	6412	8959	9155	1239	7568	9557	8781	4741	7138	1	7616	3561	11919	4855	5384	6870	9475	4762	9657	9715	
1299	8308	3301	8072	3308	5605	7589	6727	2820	5518	8977	8535	12631	8374	12423	8459	1729	2865	8068	1755	
1673	1667	1327	1334	11313	2559	174	1674	377	3358	6805	3394	6462	12333	8327	1849	8252	3388	293	3424	
8717	12588	3245	9127	5421	6802	11042	8860	12336	8877	8880	9070	
2683	8756	8810	9199	3058	2895	12613	12690	9056	2643	5387	2148	12304	9087	12724	6699	2587	6869	12739	5467	5568	
6391	11825	13902	11579	4513	11925	13437	3561	
8390	8672	11042	12856	8808	8431	12564	12716	701	6453	3561	3320	8688	8745	9070	
