2.751534042619724119e+00
2.732684552767949526e+00
2.705201937387819555e+00
2.669243199563855029e+00
2.625040903909642509e+00
2.572900730047226858e+00
2.513197977853156573e+00
2.446373079953378493e+00
2.372926196410485744e+00
2.293410984405731767e+00
2.208427651533803271e+00
2.118615414713605816e+00
2.024644497354238126e+00
1.927207805056486478e+00
1.827012424615571007e+00
1.724771092345228851e+00
1.621193775779321555e+00
1.516979507725295662e+00
1.412808603625023807e+00
1.309335382481108923e+00
1.207181498554259491e+00
1.106929976009265459e+00
1.009120022105417291e+00
9.142426768441325180e-01
8.227373386682010903e-01
7.349891873212506255e-01
6.513275067783439454e-01
5.720248936778240534e-01
4.972973203130592879e-01
4.273050063264314247e-01
3.621540400763478829e-01
3.018986794512965588e-01
2.465442528472792105e-01
1.960505742064384549e-01
1.503357814676036242e-01
1.092805054764411921e-01
7.273227625660005913e-02
4.051007541526630007e-02
1.240894716437956902e-02
-1.179541423659458133e-02
-3.234217611544210058e-02
-4.948104579719903029e-02
-6.346817485229561129e-02
-7.456233905200448930e-02
-8.302143441324805195e-02
-8.909932018556432354e-02
-9.304303029272897874e-02
-9.509036579454033244e-02
-9.546787255600897026e-02
-9.438920064557310141e-02
-9.205383514118992139e-02
-8.864618208043539838e-02
-8.433498829451169243e-02
-7.927306983037452071e-02
-7.359732057888601631e-02
-6.742897055376695370e-02
-6.087406194957045713e-02
-5.402411057435529962e-02
-4.695692041991517129e-02
-3.973751990556717573e-02
-3.241918961446921266e-02
-2.504455303603370098e-02
-1.764670383929056729e-02
-1.025034544038816442e-02
-2.872921010515727680e-03
4.474285474064920720e-03
1.178509407334693559e-02
1.905743412571392348e-02
2.629242205734438897e-02
3.349352169139102608e-02
4.066579488225446903e-02
4.781524832795522317e-02
5.494828057557293866e-02
6.207123152337438998e-02
6.919003512543966949e-02
7.630997450324389364e-02
8.343553724431490570e-02
9.057036730076253872e-02
9.771730857103251566e-02
1.048785339397617089e-01
1.120557522500324060e-01
1.192504843810796716e-01
1.264643982998839844e-01
1.336996916506436595e-01
1.409595091522765631e-01
1.482483808083708277e-01
1.555726657208718888e-01
1.629409851695854949e-01
1.703646276117659897e-01
1.778579074126085124e-01
1.854384584857494134e-01
1.931274436533418348e-01
2.009496604801240816e-01
2.089335246471779317e-01
2.171109126590863025e-01
2.255168468691682304e-01
2.341890075018053796e-01
2.431670585806576801e-01
2.524917774586966090e-01
2.622039809997656068e-01
2.723432453768352413e-01
2.829464209080550519e-01
2.940459483089445936e-01
3.056679881400306553e-01
3.178303809962411686e-01
3.305404620201534138e-01
3.437927595089653732e-01
3.575666135895530506e-01
3.718237570049655605e-01
3.865059058228363931e-01
4.015324131636122673e-01
4.167980436687585000e-01
4.321709301985442453e-01
4.474907769791267587e-01
4.625673749317477101e-01
4.771794950484081754e-01
4.910742242844994276e-01
5.039668054014662113e-01
5.155410374266418128e-01
5.254502868556287787e-01
5.333191514016657475e-01
5.387458080396655413e-01
5.413050653957468539e-01
5.405521273422406736e-01
5.360270601756892406e-01
5.272599402323776552e-01
5.137766425352285893e-01
4.951052144131484756e-01
4.707827613730573568e-01
4.403627562499015657e-01
4.034226672442347006e-01
3.595717863234852985e-01
3.084591270498007742e-01
2.497812506291654522e-01
1.832898712441760336e-01
1.087990868883906836e-01
2.619208025660131264e-02
-6.457286400892696399e-02
-1.634571741159855374e-01
-2.703377774416399482e-01
-3.850039853449734872e-01
-5.071555874786604079e-01
-6.364022474057077217e-01
-7.722642692200528680e-01
-9.141747802638610088e-01
-1.061483348430130702e+00
-1.213461024502898278e+00
-1.369306771148014246e+00
-1.528155211192886220e+00
-1.689085599422702533e+00
-1.851131894969996639e+00
-2.013293786175772038e+00
-2.174548497207394071e+00
-2.333863186329658390e+00
-2.490207730079279091e+00
-2.642567676125795018e+00
-2.789957140664223179e+00
-2.931431424004715680e+00
-3.066099120716111237e+00
-3.193133508232175011e+00
-3.311783010104440983e+00
-3.421380546828950653e+00
-3.521351608010057976e+00
-3.611220904081005045e+00
-3.690617483303832103e+00
-3.759278229684421380e+00
-3.817049689051858152e+00
-3.863888203134131061e+00
-3.899858364248170339e+00
-3.925129835465094530e+00
-3.939972612071502844e+00
-3.944750829141719706e+00
-3.939915246428322693e+00
-3.925994565017945970e+00
-3.903585749817373607e+00
-3.873343547561308498e+00
-3.835969401407558710e+00
-3.792199970149009225e+00
-3.742795462582726440e+00
-3.688527995695101147e+00
-3.630170179214410098e+00
-3.568484119007263367e+00
-3.504211018094210317e+00
-3.438061537152774072e+00
-3.370707056733554641e+00
-3.302771961560712732e+00
-3.234827043769582744e+00
-3.167384097320355973e+00
-3.100891750682558623e+00
-3.035732559765952132e+00
-2.972221358510192424e+00
-2.910604841030562717e+00
-2.851062327198581769e+00
-2.793707643408742669e+00
-2.738592032378024399e+00
-2.685707990415506785e+00
-2.634993917884559167e+00
-2.586339458696663485e+00
-2.539591397689026309e+00
-2.494559980653494158e+00
-2.451025520537653435e+00
-2.408745154820715939e+00
-2.367459623105907962e+00
-2.326899940357040730e+00
-2.286793849693283587e+00
-2.246871948959150433e+00
-2.206873397108254586e+00
-2.166551119459578345e+00
-2.125676444778914487e+00
-2.084043121580490876e+00
-2.041470675714360361e+00
-1.997807085895988433e+00
-1.952930768057899336e+00
-1.906751872990899876e+00
-1.859212914458956645e+00
-1.810288756606271532e+00
-1.759985999857355488e+00
-1.708341813499696604e+00
-1.655422270635795057e+00
-1.601320247130201713e+00
-1.546152950531298087e+00
-1.490059147723513888e+00
-1.433196161304208793e+00
-1.375736704450370329e+00
-1.317865622442580875e+00
-1.259776606167712698e+00
-1.201668938968933231e+00
-1.143744333308026384e+00
-1.086203908016789343e+00
-1.029245350616283083e+00
-9.730603024482370467e-01
-9.178319973671441590e-01
-8.637331776498056168e-01
-8.109243037505994289e-01
-7.595520677092683082e-01
-7.097482135333792463e-01
-6.616286618436493239e-01
-6.152929305788062964e-01
-5.708238386833158762e-01
-5.282874754998141409e-01
-4.877334150926497802e-01
-4.491951519551440897e-01
-4.126907324987495462e-01
-3.782235553673751749e-01
-3.457833129322194776e-01
-3.153470462545461817e-01
-2.868802862999941250e-01
-2.603382551840088821e-01
-2.356671026534280233e-01
-2.128051547912945818e-01
-1.916841539958329399e-01
-1.722304715566761457e-01
-1.543662765606234888e-01
-1.380106473387335830e-01
-1.230806141545295607e-01
-1.094921242747188134e-01
-9.716092291073660792e-02
-8.600334573151205420e-02
-7.593702069216681783e-02
-6.688147877514753759e-02
-5.875867488202907163e-02
-5.149342153550151568e-02
-4.501373924805146531e-02
-3.925112838833645645e-02
-3.414076813531508742e-02
-2.962164866490742121e-02
-2.563664307897417852e-02
-2.213252577892202422e-02
-1.905994402524135642e-02
-1.637334932989776073e-02
-1.403089512125790632e-02
-1.199430682146369886e-02
-1.022873010361377219e-02
-8.702562669346811108e-03
-7.387274423653930611e-03
-6.257220438546491625e-03
-5.289450604233088271e-03
-4.463519377593964770e-03
-3.761298562782953211e-03
-3.166795605732360998e-03
-2.665979459262252538e-03
-2.246615682810163862e-03
-1.898112083263607790e-03
-1.611375882376892867e-03
-1.378683111861437119e-03
-1.193560688480385093e-03
-1.050681406444928636e-03
-9.457719004715217648e-04
-8.755334768047201175e-04
-8.375755777136441923e-04
-8.303615335283711686e-04
-8.531661611468294246e-04
-9.060446850377608385e-04
-9.898123820924551852e-04
-1.106034281415472836e-03
-1.257024180726572411e-03
-1.445852169242339402e-03
-1.676359769894166093e-03
-1.953181729154876249e-03
-2.281773388754164671e-03
-2.668442468890369710e-03
-3.120383976542158346e-03
-3.645716825145975653e-03
-4.253520613908190126e-03
-4.953870867760548288e-03
-5.757870884538504944e-03
-6.677678177196420990e-03
-7.726523339296577711e-03
-8.918719005848974382e-03
-1.026965643369163149e-02
-1.179578709141648578e-02
-1.351458653433669499e-02
-1.544449775147903672e-02
-1.760485111571825564e-02
-2.001575805174611242e-02
-2.269797556636401689e-02
-2.567273886821126727e-02
-2.896155944576428443e-02
-3.258598617902917077e-02
-3.656732733668981855e-02
-4.092633166083683299e-02
-4.568282716857103437e-02
-5.085531680565989060e-02
-5.646053067232678635e-02
-6.251293520387456171e-02
-6.902420042663721944e-02
-7.600262721806673449e-02
-8.345253737265505289e-02
-9.137363020495728461e-02
-9.976031039818734902e-02
-1.086009928203297281e-01
-1.178773910679980219e-01
-1.275637975472806718e-01
-1.376263639464445354e-01
-1.480223919821460066e-01
-1.586996452928761681e-01
-1.695956942937386913e-01
-1.806373066785659509e-01
-1.917398970413305426e-01
-2.028070497716106257e-01
-2.137301299398048637e-01
-2.243879973095177782e-01
-2.346468388790638460e-01
-2.443601354412018034e-01
-2.533687775426265443e-01
-2.615013459018272202e-01
-2.685745707854208519e-01
-2.743939840286360732e-01
-2.787547762944455609e-01
-2.814428707752306691e-01
-2.822362228307813692e-01
-2.809063530061298164e-01
-2.772201184620142200e-01
-2.709417250642908725e-01
-2.618349792019566413e-01
-2.496657748289336787e-01
-2.342048072513124857e-01
-2.152305008143753362e-01
-1.925321329025896644e-01
-1.659131315772293669e-01
-1.351945187869043052e-01
-1.002184654545519721e-01
-6.085191894901179066e-02
-1.699025758727666646e-02
3.143907899893995384e-02
8.447304042326882201e-02
1.421095591047951967e-01
2.043043536658229464e-01
2.709680130597491576e-01
3.419634354711102997e-01
4.171036980544399198e-01
4.961504342755422847e-01
5.788127947760692837e-01
6.647470651052402868e-01
7.535570091749853594e-01
8.447950007548954421e-01
9.379639966182184985e-01
1.032520394022973464e+00
1.127877802055498702e+00
1.223411741047921941e+00
1.318465266917143719e+00
1.412355498092770612e+00
1.504381001981367705e+00
1.593829976011132077e+00
1.679989135691231317e+00
1.762153199295522832e+00
1.839634836353046143e+00
1.911774925709259554e+00
1.977952949245470160e+00
2.037597330060332723e+00
2.090195509760587544e+00
2.135303549190280314e+00
2.172555031034802742e+00
2.201669041885559785e+00
2.222457016022748366e+00
2.234828233677642384e+00
2.238793783121813874e+00
2.234468818659502976e+00
2.222072975276165874e+00
2.201928835037574306e+00
2.174458379846738953e+00
2.140177409000899367e+00
2.099687947391685405e+00
2.053668719948035459e+00
2.002863818808498841e+00
1.948069740385417248e+00
1.890121018482039617e+00
1.829874725361253063e+00
1.768194153733578133e+00
1.705932027481171787e+00
1.643913616289248480e+00
1.582920147839852021e+00
1.523672920091383887e+00
1.466818514348220859e+00
1.412915497069775483e+00
1.362422974478654680e+00
1.315691329032691925e+00
1.272955421479494476e+00
1.234330487243994412e+00
1.199810892655015948e+00
1.169271846310994789e+00
1.142474085952390084e+00
1.119071483059659755e+00
1.098621428673624223e+00
1.080597786868811028e+00
1.064406128823229380e+00
1.049400893659043987e+00
1.034904063314431966e+00
1.020224890409490826e+00
1.004680181719272980e+00
9.876146167316726121e-01
9.684205720384433391e-01
9.465569281780901179e-01
9.215663565318195083e-01
8.930906189097029824e-01
8.608834614841356370e-01
8.248207454286529128e-01
7.849075284729565283e-01
7.412818913930934173e-01
6.942153896081393327e-01
6.441100997943181028e-01
5.914923221399490672e-01
5.370030876291593813e-01
4.813857043893321475e-01
4.254706546828828095e-01
3.701582227873672082e-01
3.163992913160527110e-01
2.651747885278865624e-01
2.174743000033032558e-01
1.742743745938994948e-01
1.365170561898239043e-01
1.050891597591530058e-01
8.080278324991496675e-02
6.437750708226630536e-02
5.642468161808977811e-02
5.743414211068653685e-02
6.776362198085550403e-02
8.763106113136842623e-02
1.171099288156156604e-01
1.561276024532389783e-01
2.044667670340167831e-01
2.617697267028198382e-01
3.275454523644185656e-01
4.011791288908383990e-01
4.819439135466154767e-01
5.690145752841573312e-01
6.614826529343638128e-01
7.583727495214578340e-01
8.586595701399311054e-01
9.612853116029302925e-01
1.065177022893406544e+00
1.169263575440592007e+00
1.272491910451641672e+00
1.373842265391040485e+00
1.472342122222866756e+00
1.567078664452706604e+00
1.657209576974000953e+00
1.741972070770675174e+00
1.820690062260071684e+00
1.892779483163483434e+00
1.957751740165776244e+00
2.015215383322850329e+00
2.064876077300858537e+00
2.106534999613417725e+00
2.140085814598355896e+00
2.165510390735146729e+00
2.182873442074716230e+00
2.192316282139880723e+00
2.194049880967961386e+00
2.188347413467506719e+00
2.175536480407705753e+00
2.155991172824327951e+00
2.130124137010406926e+00
2.098378781275838101e+00
2.061221747950275685e+00
2.019135755368137275e+00
1.972612895378752063e+00
1.922148452880626968e+00
1.868235295449916622e+00
1.811358863757698057e+00
